Balls_Red
296
0.000 0.006 0.574 57.405 6.283 0.010 0.000 1.125
0.000 0.011 0.574 0.000 6.283 0.010 0.000 1.125
0.000 0.026 1.435 86.109 6.283 0.010 0.000 1.125
0.001 0.046 2.009 57.410 6.283 0.010 0.001 1.125
0.002 0.072 2.583 57.415 6.283 0.010 0.002 1.125
0.003 0.103 3.158 57.424 6.283 0.010 0.003 1.125
0.004 0.141 3.732 57.438 6.283 0.010 0.004 1.125
0.006 0.184 4.307 57.457 6.283 0.010 0.006 1.125
0.008 0.233 4.881 57.483 6.283 0.010 0.008 1.125
0.011 0.287 5.457 57.515 6.283 0.010 0.011 1.125
0.015 0.347 6.032 57.555 6.283 0.010 0.015 1.125
0.019 0.414 6.608 57.605 6.283 0.010 0.019 1.125
0.024 0.485 7.185 57.664 6.283 0.010 0.024 1.125
0.029 0.560 7.475 29.008 6.283 0.010 0.029 1.125
0.035 0.635 7.478 0.339 6.283 0.010 0.035 1.125
0.043 0.710 7.482 0.383 6.283 0.010 0.043 1.125
0.050 0.785 7.486 0.428 6.283 0.010 0.050 1.125
0.059 0.859 7.491 0.472 6.283 0.010 0.059 1.125
0.068 0.934 7.496 0.516 6.283 0.010 0.068 1.125
0.078 1.009 7.502 0.559 6.283 0.010 0.078 1.125
0.089 1.085 7.508 0.602 6.283 0.010 0.089 1.125
0.101 1.160 7.514 0.645 6.283 0.010 0.101 1.125
0.113 1.235 7.521 0.688 6.283 0.010 0.113 1.125
0.126 1.310 7.529 0.730 6.283 0.010 0.126 1.125
0.140 1.386 7.536 0.772 6.283 0.010 0.140 1.125
0.155 1.461 7.544 0.814 6.283 0.010 0.155 1.125
0.170 1.537 7.553 0.855 6.283 0.010 0.170 1.125
0.186 1.612 7.562 0.896 6.283 0.010 0.186 1.125
0.203 1.688 7.571 0.937 6.283 0.010 0.203 1.125
0.221 1.764 7.581 0.977 6.283 0.010 0.221 1.125
0.239 1.840 7.591 1.017 6.283 0.010 0.239 1.125
0.258 1.916 7.602 1.057 6.282 0.010 0.258 1.125
0.278 1.992 7.613 1.097 6.282 0.010 0.278 1.125
0.299 2.068 7.624 1.137 6.282 0.010 0.299 1.125
0.320 2.144 7.636 1.176 6.282 0.010 0.320 1.125
0.343 2.221 7.648 1.215 6.282 0.010 0.343 1.125
0.366 2.297 7.661 1.255 6.282 0.010 0.366 1.125
0.389 2.374 7.673 1.294 6.281 0.010 0.389 1.125
0.414 2.451 7.687 1.334 6.281 0.010 0.414 1.125
0.439 2.528 7.701 1.373 6.281 0.010 0.439 1.125
0.465 2.605 7.715 1.413 6.281 0.010 0.465 1.125
0.492 2.682 7.729 1.453 6.280 0.010 0.492 1.125
0.520 2.760 7.744 1.493 6.280 0.010 0.520 1.124
0.548 2.837 7.759 1.534 6.280 0.010 0.548 1.124
0.577 2.915 7.775 1.575 6.279 0.010 0.577 1.124
0.607 2.993 7.791 1.617 6.279 0.010 0.607 1.124
0.638 3.071 7.808 1.659 6.278 0.010 0.638 1.124
0.669 3.149 7.825 1.703 6.278 0.010 0.669 1.124
0.702 3.228 7.842 1.747 6.278 0.010 0.702 1.124
0.735 3.307 7.860 1.792 6.277 0.010 0.735 1.123
0.768 3.385 7.879 1.839 6.276 0.010 0.768 1.123
0.803 3.464 7.898 1.886 6.276 0.010 0.803 1.123
0.839 3.543 7.917 1.935 6.275 0.010 0.839 1.123
0.875 3.623 7.937 1.986 6.274 0.010 0.875 1.122
0.912 3.702 7.957 2.038 6.274 0.010 0.912 1.122
0.950 3.782 7.978 2.091 6.273 0.010 0.950 1.122
0.988 3.862 8.000 2.147 6.272 0.010 0.988 1.121
1.028 3.942 8.022 2.205 6.271 0.010 1.028 1.121
1.068 4.023 8.044 2.266 6.270 0.010 1.068 1.120
1.109 4.103 8.068 2.329 6.269 0.010 1.109 1.120
1.151 4.184 8.092 2.394 6.268 0.010 1.151 1.119
1.193 4.266 8.116 2.462 6.267 0.010 1.193 1.119
1.237 4.347 8.142 2.534 6.266 0.010 1.237 1.118
1.281 4.429 8.168 2.608 6.265 0.010 1.281 1.117
1.326 4.511 8.194 2.687 6.263 0.010 1.326 1.116
1.372 4.593 8.222 2.768 6.262 0.010 1.372 1.115
1.419 4.675 8.251 2.854 6.261 0.010 1.419 1.114
1.467 4.758 8.280 2.945 6.259 0.010 1.466 1.113
1.515 4.841 8.311 3.039 6.258 0.010 1.515 1.112
1.564 4.925 8.342 3.139 6.256 0.010 1.564 1.111
1.614 5.008 8.374 3.244 6.254 0.010 1.614 1.109
1.665 5.092 8.408 3.354 6.252 0.010 1.665 1.108
1.717 5.177 8.443 3.470 6.251 0.010 1.717 1.106
1.770 5.262 8.479 3.592 6.249 0.010 1.769 1.104
1.823 5.347 8.516 3.721 6.246 0.010 1.823 1.102
1.877 5.432 8.554 3.857 6.244 0.010 1.877 1.100
1.933 5.518 8.594 4.000 6.242 0.010 1.932 1.098
1.989 5.605 8.636 4.151 6.240 0.010 1.988 1.096
2.046 5.691 8.679 4.309 6.237 0.010 2.045 1.093
2.103 5.779 8.724 4.477 6.234 0.010 2.103 1.090
2.162 5.866 8.770 4.654 6.232 0.010 2.161 1.087
2.222 5.955 8.819 4.840 6.229 0.010 2.221 1.084
2.282 6.043 8.869 5.037 6.226 0.010 2.281 1.081
2.343 6.133 8.921 5.243 6.223 0.010 2.342 1.077
2.405 6.222 8.976 5.462 6.220 0.010 2.405 1.074
2.469 6.313 9.033 5.692 6.216 0.010 2.468 1.069
2.533 6.404 9.092 5.935 6.213 0.010 2.531 1.065
2.598 6.495 9.154 6.192 6.209 0.010 2.596 1.060
2.663 6.587 9.219 6.461 6.205 0.010 2.662 1.055
2.730 6.680 9.286 6.745 6.201 0.010 2.728 1.050
2.798 6.774 9.357 7.044 6.197 0.010 2.796 1.044
2.867 6.868 9.430 7.359 6.193 0.010 2.864 1.038
2.936 6.963 9.507 7.689 6.188 0.010 2.934 1.032
3.007 7.059 9.588 8.037 6.184 0.010 3.004 1.025
3.078 7.156 9.672 8.402 6.179 0.010 3.075 1.018
3.151 7.253 9.759 8.784 6.173 0.010 3.147 1.010
3.225 7.352 9.851 9.185 6.168 0.010 3.220 1.002
3.299 7.451 9.947 9.604 6.163 0.010 3.294 0.993
3.375 7.552 10.048 10.043 6.157 0.010 3.369 0.984
3.451 7.653 10.153 10.499 6.151 0.010 3.445 0.974
3.529 7.756 10.262 10.975 6.145 0.010 3.522 0.963
3.607 7.860 10.377 11.468 6.138 0.010 3.600 0.952
3.687 7.965 10.497 11.979 6.131 0.010 3.679 0.940
3.768 8.071 10.622 12.508 6.124 0.010 3.758 0.928
3.849 8.178 10.753 13.049 6.117 0.010 3.839 0.915
3.932 8.287 10.889 13.605 6.109 0.010 3.921 0.901
4.016 8.398 11.030 14.171 6.101 0.010 4.003 0.886
4.101 8.509 11.178 14.743 6.093 0.010 4.087 0.870
4.188 8.623 11.331 15.319 6.084 0.010 4.172 0.853
4.275 8.738 11.490 15.893 6.075 0.010 4.257 0.836
4.363 8.854 11.654 16.456 6.066 0.010 4.344 0.817
4.453 8.972 11.824 17.005 6.056 0.010 4.431 0.797
4.544 9.092 12.000 17.526 6.046 0.010 4.520 0.776
4.636 9.214 12.180 18.012 6.035 0.010 4.609 0.754
4.730 9.338 12.364 18.447 6.024 0.010 4.700 0.731
4.824 9.463 12.552 18.818 6.013 0.010 4.791 0.706
4.920 9.591 12.744 19.103 6.001 0.010 4.883 0.680
5.017 9.720 12.936 19.288 5.988 0.010 4.976 0.652
5.116 9.851 13.130 19.345 5.976 0.010 5.070 0.623
5.216 9.985 13.322 19.250 5.962 0.010 5.165 0.592
5.317 10.120 13.512 18.972 5.948 0.010 5.261 0.560
5.419 10.257 13.697 18.480 5.934 0.010 5.358 0.525
5.523 10.395 13.874 17.739 5.918 0.010 5.455 0.489
5.629 10.536 14.041 16.710 5.903 0.010 5.553 0.450
5.736 10.678 14.195 15.355 5.886 0.010 5.652 0.410
5.844 10.821 14.331 13.633 5.869 0.010 5.752 0.367
5.953 10.966 14.446 11.505 5.852 0.010 5.852 0.322
6.065 11.111 14.536 8.930 5.834 0.010 5.952 0.275
6.177 11.257 14.594 5.880 5.815 0.010 6.053 0.225
6.291 11.403 14.618 2.324 5.796 0.010 6.154 0.173
6.407 11.549 14.600 -1.754 5.775 0.010 6.256 0.118
6.524 11.694 14.537 -6.357 5.755 0.010 6.357 0.060
6.642 11.839 14.422 -11.473 5.733 0.010 6.459 -0.001
6.762 11.981 14.251 -17.071 5.711 0.010 6.560 -0.065
6.883 12.118 13.657 -59.439 5.689 0.010 6.662 -0.132
7.005 12.244 12.629 -102.761 5.666 0.010 6.762 -0.201
7.129 12.359 11.528 -110.153 5.642 0.010 6.862 -0.274
7.254 12.463 10.354 -117.335 5.618 0.010 6.961 -0.350
7.379 12.554 9.113 -124.093 5.594 0.010 7.059 -0.428
7.505 12.632 7.811 -130.206 5.569 0.010 7.156 -0.510
7.632 12.697 6.457 -135.459 5.545 0.010 7.250 -0.594
7.760 12.747 5.060 -139.657 5.520 0.010 7.344 -0.681
7.888 12.784 3.634 -142.636 5.494 0.010 7.435 -0.771
8.016 12.805 2.191 -144.275 5.469 0.010 7.524 -0.863
8.144 12.813 0.746 -144.507 5.444 0.010 7.611 -0.957
8.272 12.806 -0.687 -143.321 5.419 0.010 7.695 -1.053
8.400 12.785 -2.095 -140.766 5.394 0.010 7.777 -1.152
8.527 12.754 -3.099 -100.388 5.370 0.010 7.856 -1.252
8.655 12.714 -4.052 -95.321 5.346 0.010 7.933 -1.353
8.781 12.660 -5.316 -126.377 5.322 0.010 8.006 -1.456
8.907 12.595 -6.521 -120.527 5.299 0.010 8.077 -1.560
9.032 12.519 -7.657 -113.553 5.276 0.010 8.145 -1.665
9.157 12.431 -8.719 -106.259 5.254 0.010 8.210 -1.771
9.280 12.334 -9.708 -98.850 5.232 0.010 8.273 -1.877
9.402 12.228 -10.623 -91.513 5.211 0.010 8.332 -1.984
9.523 12.113 -11.467 -84.406 5.190 0.010 8.389 -2.091
9.643 11.991 -12.244 -77.661 5.171 0.010 8.443 -2.198
9.762 11.861 -12.957 -71.376 5.152 0.010 8.495 -2.305
9.879 11.725 -13.614 -65.621 5.133 0.010 8.544 -2.412
9.995 11.583 -14.218 -60.436 5.115 0.010 8.590 -2.518
10.109 11.435 -14.776 -55.842 5.098 0.010 8.634 -2.623
10.222 11.286 -14.958 -18.164 5.082 0.010 8.676 -2.728
10.334 11.138 -14.772 18.615 5.066 0.010 8.715 -2.832
10.443 10.992 -14.565 20.700 5.051 0.010 8.752 -2.936
10.552 10.849 -14.347 21.817 5.037 0.010 8.788 -3.038
10.659 10.708 -14.121 22.575 5.023 0.010 8.821 -3.140
10.765 10.569 -13.891 23.028 5.009 0.010 8.853 -3.241
10.869 10.432 -13.658 23.220 4.997 0.010 8.883 -3.341
10.972 10.298 -13.426 23.196 4.984 0.010 8.911 -3.440
11.074 10.166 -13.196 22.994 4.973 0.010 8.938 -3.538
11.174 10.036 -12.970 22.648 4.961 0.010 8.963 -3.635
11.273 9.909 -12.748 22.187 4.951 0.010 8.987 -3.731
11.371 9.784 -12.532 21.636 4.940 0.010 9.009 -3.827
11.468 9.660 -12.322 21.019 4.930 0.010 9.031 -3.921
11.563 9.539 -12.118 20.352 4.921 0.010 9.051 -4.014
11.657 9.420 -11.922 19.652 4.912 0.010 9.070 -4.106
11.750 9.303 -11.732 18.931 4.903 0.010 9.088 -4.198
11.842 9.187 -11.550 18.201 4.895 0.010 9.105 -4.288
11.933 9.073 -11.376 17.468 4.887 0.010 9.121 -4.377
12.022 8.961 -11.208 16.742 4.879 0.010 9.136 -4.465
12.111 8.851 -11.048 16.026 4.872 0.010 9.151 -4.553
12.198 8.742 -10.895 15.326 4.865 0.010 9.164 -4.639
12.285 8.634 -10.748 14.645 4.858 0.010 9.177 -4.724
12.370 8.528 -10.608 13.984 4.851 0.010 9.189 -4.809
12.454 8.424 -10.475 13.347 4.845 0.010 9.201 -4.892
12.537 8.320 -10.348 12.733 4.839 0.010 9.211 -4.975
12.620 8.218 -10.226 12.144 4.833 0.010 9.221 -5.056
12.701 8.117 -10.110 11.579 4.828 0.010 9.231 -5.137
12.781 8.017 -10.000 11.040 4.823 0.010 9.240 -5.217
12.860 7.918 -9.895 10.525 4.818 0.010 9.249 -5.295
12.938 7.820 -9.794 10.035 4.813 0.010 9.257 -5.373
13.016 7.723 -9.699 9.568 4.808 0.010 9.264 -5.450
13.092 7.627 -9.607 9.124 4.804 0.010 9.271 -5.526
13.167 7.532 -9.520 8.702 4.800 0.010 9.278 -5.601
13.242 7.437 -9.437 8.302 4.796 0.010 9.284 -5.675
13.315 7.344 -9.358 7.922 4.792 0.010 9.290 -5.748
13.387 7.251 -9.282 7.562 4.788 0.010 9.296 -5.821
13.459 7.159 -9.210 7.219 4.784 0.010 9.301 -5.892
13.530 7.067 -9.141 6.896 4.781 0.010 9.306 -5.962
13.599 6.977 -9.075 6.589 4.778 0.010 9.311 -6.032
13.668 6.886 -9.012 6.298 4.774 0.010 9.315 -6.101
13.736 6.797 -8.952 6.023 4.771 0.010 9.319 -6.169
13.803 6.708 -8.895 5.761 4.768 0.010 9.323 -6.236
13.870 6.620 -8.839 5.514 4.766 0.010 9.327 -6.302
13.935 6.532 -8.787 5.280 4.763 0.010 9.330 -6.367
13.999 6.444 -8.736 5.057 4.761 0.010 9.333 -6.431
14.063 6.357 -8.688 4.847 4.758 0.010 9.336 -6.495
14.126 6.271 -8.641 4.647 4.756 0.010 9.339 -6.557
14.187 6.185 -8.597 4.458 4.754 0.010 9.342 -6.619
14.248 6.100 -8.554 4.278 4.751 0.010 9.344 -6.680
14.309 6.014 -8.513 4.108 4.749 0.010 9.346 -6.740
14.368 5.930 -8.473 3.946 4.747 0.010 9.349 -6.800
14.426 5.845 -8.435 3.792 4.746 0.010 9.351 -6.858
14.484 5.761 -8.399 3.646 4.744 0.010 9.352 -6.916
14.541 5.678 -8.364 3.508 4.742 0.010 9.354 -6.972
14.597 5.594 -8.330 3.376 4.740 0.010 9.356 -7.028
14.652 5.511 -8.298 3.251 4.739 0.010 9.357 -7.083
14.706 5.429 -8.266 3.131 4.737 0.010 9.359 -7.138
14.760 5.346 -8.236 3.018 4.736 0.010 9.360 -7.191
14.812 5.264 -8.207 2.910 4.735 0.010 9.361 -7.244
14.864 5.183 -8.179 2.807 4.733 0.010 9.362 -7.295
14.915 5.101 -8.152 2.708 4.732 0.010 9.363 -7.346
14.965 5.020 -8.126 2.615 4.731 0.010 9.364 -7.397
15.015 4.939 -8.100 2.525 4.730 0.010 9.365 -7.446
15.063 4.858 -8.076 2.439 4.729 0.010 9.366 -7.495
15.111 4.777 -8.052 2.358 4.728 0.010 9.367 -7.542
15.158 4.697 -8.030 2.280 4.727 0.010 9.367 -7.589
15.204 4.617 -8.008 2.205 4.726 0.010 9.368 -7.636
15.249 4.537 -7.986 2.133 4.725 0.010 9.369 -7.681
15.294 4.458 -7.966 2.064 4.724 0.010 9.369 -7.725
15.338 4.378 -7.946 1.998 4.724 0.010 9.370 -7.769
15.381 4.299 -7.926 1.935 4.723 0.010 9.370 -7.812
15.423 4.220 -7.908 1.874 4.722 0.010 9.371 -7.854
15.464 4.141 -7.889 1.815 4.722 0.010 9.371 -7.896
15.505 4.062 -7.872 1.759 4.721 0.010 9.371 -7.936
15.545 3.984 -7.855 1.705 4.720 0.010 9.372 -7.976
15.584 3.905 -7.838 1.653 4.720 0.010 9.372 -8.015
15.622 3.827 -7.822 1.602 4.719 0.010 9.372 -8.054
15.660 3.749 -7.807 1.553 4.719 0.010 9.373 -8.091
15.696 3.671 -7.792 1.506 4.718 0.010 9.373 -8.128
15.732 3.593 -7.777 1.460 4.718 0.010 9.373 -8.164
15.768 3.516 -7.763 1.416 4.718 0.010 9.373 -8.199
15.802 3.438 -7.749 1.373 4.717 0.010 9.373 -8.233
15.836 3.361 -7.736 1.331 4.717 0.010 9.374 -8.267
15.868 3.284 -7.723 1.291 4.717 0.010 9.374 -8.300
15.900 3.206 -7.710 1.251 4.716 0.010 9.374 -8.332
15.932 3.129 -7.698 1.213 4.716 0.010 9.374 -8.363
15.962 3.053 -7.687 1.175 4.716 0.010 9.374 -8.394
15.992 2.976 -7.675 1.139 4.715 0.010 9.374 -8.423
16.021 2.899 -7.664 1.103 4.715 0.010 9.374 -8.452
16.049 2.823 -7.653 1.068 4.715 0.010 9.374 -8.481
16.077 2.746 -7.643 1.034 4.715 0.010 9.374 -8.508
16.103 2.670 -7.633 1.000 4.715 0.010 9.374 -8.535
16.129 2.594 -7.623 0.968 4.714 0.010 9.374 -8.561
16.154 2.518 -7.614 0.935 4.714 0.010 9.375 -8.586
16.179 2.441 -7.605 0.904 4.714 0.010 9.375 -8.610
16.203 2.366 -7.596 0.873 4.714 0.010 9.375 -8.634
16.225 2.290 -7.588 0.842 4.714 0.010 9.375 -8.657
16.248 2.214 -7.580 0.812 4.714 0.010 9.375 -8.679
16.269 2.138 -7.572 0.782 4.714 0.010 9.375 -8.700
16.290 2.062 -7.564 0.753 4.714 0.010 9.375 -8.721
16.309 1.987 -7.557 0.724 4.714 0.010 9.375 -8.741
16.329 1.911 -7.550 0.695 4.714 0.010 9.375 -8.760
16.347 1.836 -7.544 0.667 4.714 0.010 9.375 -8.778
16.365 1.761 -7.537 0.639 4.713 0.010 9.375 -8.796
16.381 1.685 -7.531 0.611 4.713 0.010 9.375 -8.813
16.397 1.610 -7.525 0.583 4.713 0.010 9.375 -8.829
16.413 1.535 -7.520 0.556 4.713 0.010 9.375 -8.844
16.427 1.460 -7.514 0.529 4.713 0.010 9.375 -8.859
16.441 1.385 -7.509 0.502 4.713 0.010 9.375 -8.873
16.454 1.310 -7.505 0.476 4.713 0.010 9.375 -8.886
16.467 1.235 -7.500 0.449 4.713 0.010 9.375 -8.898
16.478 1.160 -7.496 0.423 4.713 0.010 9.375 -8.910
16.489 1.085 -7.492 0.396 4.713 0.010 9.375 -8.921
16.499 1.010 -7.488 0.370 4.713 0.010 9.375 -8.931
16.509 0.935 -7.485 0.344 4.713 0.010 9.375 -8.940
16.517 0.860 -7.482 0.319 4.713 0.010 9.375 -8.949
16.525 0.785 -7.479 0.293 4.713 0.010 9.375 -8.956
16.532 0.711 -7.476 0.267 4.713 0.010 9.375 -8.964
16.539 0.636 -7.474 0.241 4.713 0.010 9.375 -8.970
16.544 0.561 -7.471 0.216 4.713 0.010 9.375 -8.976
16.549 0.486 -7.470 0.190 4.713 0.010 9.375 -8.980
16.553 0.415 -7.185 28.414 4.713 0.010 9.375 -8.985
16.557 0.348 -6.614 57.090 4.713 0.010 9.375 -8.988
16.560 0.288 -6.039 57.517 4.713 0.010 9.375 -8.991
16.562 0.233 -5.464 57.489 4.713 0.010 9.375 -8.993
16.564 0.184 -4.890 57.467 4.713 0.010 9.375 -8.995
16.565 0.141 -4.315 57.449 4.713 0.010 9.375 -8.996
16.566 0.104 -3.741 57.434 4.713 0.010 9.375 -8.998
16.567 0.072 -3.167 57.424 4.713 0.010 9.375 -8.998
16.567 0.046 -2.593 57.416 4.713 0.010 9.375 -8.999
16.568 0.026 -2.018 57.411 4.713 0.010 9.375 -8.999
16.568 0.012 -1.444 57.408 4.713 0.010 9.375 -8.999
16.568 0.003 -0.870 57.406 4.713 0.010 9.375 -8.999
16.568 0.000 -0.296 57.405 4.713 0.010 9.375 -8.999
16.568 0.000 -0.005 29.163 4.713 0.010 9.375 -8.999
0.000 0.006 0.574 57.405 6.283 0.010 0.000 -1.125
0.000 0.011 0.574 -0.000 6.283 0.010 0.000 -1.125
0.000 0.026 1.435 86.107 6.283 0.010 0.000 -1.125
0.001 0.046 2.009 57.401 6.283 0.010 0.001 -1.125
0.002 0.072 2.583 57.395 6.283 0.010 0.002 -1.125
0.003 0.103 3.157 57.386 6.283 0.010 0.003 -1.125
0.004 0.141 3.731 57.372 6.283 0.010 0.004 -1.125
0.006 0.184 4.304 57.353 6.283 0.010 0.006 -1.125
0.008 0.232 4.877 57.328 6.283 0.010 0.008 -1.125
0.011 0.287 5.450 57.296 6.283 0.010 0.011 -1.125
0.015 0.347 6.023 57.255 6.283 0.010 0.015 -1.125
0.019 0.413 6.595 57.206 6.283 0.010 0.019 -1.125
0.023 0.485 7.167 57.147 6.283 0.010 0.023 -1.125
0.029 0.559 7.450 28.397 6.283 0.010 0.029 -1.125
0.035 0.634 7.447 -0.339 6.283 0.010 0.035 -1.125
0.043 0.708 7.443 -0.383 6.283 0.010 0.043 -1.125
0.050 0.783 7.439 -0.428 6.283 0.010 0.050 -1.125
0.059 0.857 7.434 -0.472 6.283 0.010 0.059 -1.125
0.068 0.931 7.429 -0.516 6.283 0.010 0.068 -1.125
0.078 1.005 7.424 -0.559 6.283 0.010 0.078 -1.125
0.089 1.080 7.417 -0.602 6.283 0.010 0.089 -1.125
0.101 1.154 7.411 -0.645 6.283 0.010 0.101 -1.125
0.113 1.228 7.404 -0.688 6.283 0.010 0.113 -1.125
0.126 1.302 7.397 -0.730 6.283 0.010 0.126 -1.125
0.140 1.376 7.389 -0.772 6.283 0.010 0.140 -1.125
0.154 1.449 7.381 -0.814 6.283 0.010 0.154 -1.125
0.169 1.523 7.372 -0.855 6.283 0.010 0.169 -1.125
0.185 1.597 7.364 -0.896 6.283 0.010 0.185 -1.125
0.202 1.670 7.354 -0.937 6.283 0.010 0.202 -1.125
0.219 1.744 7.344 -0.977 6.283 0.010 0.219 -1.125
0.238 1.817 7.334 -1.017 6.283 0.010 0.238 -1.125
0.257 1.890 7.324 -1.057 6.282 0.010 0.257 -1.125
0.276 1.964 7.313 -1.097 6.282 0.010 0.276 -1.125
0.297 2.037 7.301 -1.136 6.282 0.010 0.297 -1.125
0.318 2.109 7.290 -1.176 6.282 0.010 0.318 -1.125
0.339 2.182 7.277 -1.215 6.282 0.010 0.339 -1.125
0.362 2.255 7.265 -1.255 6.282 0.010 0.362 -1.125
0.385 2.327 7.252 -1.294 6.281 0.010 0.385 -1.125
0.409 2.400 7.239 -1.333 6.281 0.010 0.409 -1.125
0.434 2.472 7.225 -1.373 6.281 0.010 0.434 -1.125
0.459 2.544 7.211 -1.413 6.281 0.010 0.459 -1.125
0.486 2.616 7.196 -1.453 6.280 0.010 0.486 -1.125
0.513 2.688 7.181 -1.493 6.280 0.010 0.513 -1.126
0.540 2.760 7.166 -1.534 6.280 0.010 0.540 -1.126
0.568 2.831 7.150 -1.575 6.279 0.010 0.568 -1.126
0.597 2.902 7.134 -1.617 6.279 0.010 0.597 -1.126
0.627 2.974 7.117 -1.659 6.278 0.010 0.627 -1.126
0.658 3.045 7.100 -1.703 6.278 0.010 0.658 -1.126
0.689 3.115 7.083 -1.747 6.278 0.010 0.689 -1.126
0.721 3.186 7.065 -1.792 6.277 0.010 0.721 -1.126
0.753 3.256 7.047 -1.838 6.276 0.010 0.753 -1.127
0.786 3.327 7.028 -1.886 6.276 0.010 0.786 -1.127
0.820 3.397 7.008 -1.935 6.275 0.010 0.820 -1.127
0.855 3.467 6.989 -1.986 6.274 0.010 0.855 -1.127
0.890 3.536 6.968 -2.038 6.274 0.010 0.890 -1.128
0.927 3.606 6.947 -2.092 6.273 0.010 0.927 -1.128
0.963 3.675 6.926 -2.147 6.272 0.010 0.963 -1.129
1.001 3.744 6.904 -2.205 6.271 0.010 1.001 -1.129
1.039 3.813 6.881 -2.266 6.270 0.010 1.039 -1.129
1.078 3.882 6.858 -2.328 6.269 0.010 1.078 -1.130
1.117 3.950 6.834 -2.394 6.268 0.010 1.117 -1.131
1.157 4.018 6.809 -2.462 6.267 0.010 1.157 -1.131
1.198 4.086 6.784 -2.534 6.266 0.010 1.198 -1.132
1.240 4.153 6.758 -2.608 6.265 0.010 1.240 -1.133
1.282 4.221 6.731 -2.686 6.263 0.010 1.282 -1.133
1.325 4.288 6.703 -2.769 6.262 0.010 1.325 -1.134
1.368 4.355 6.675 -2.854 6.261 0.010 1.368 -1.135
1.413 4.421 6.645 -2.945 6.259 0.010 1.412 -1.136
1.457 4.487 6.615 -3.040 6.258 0.010 1.457 -1.137
1.503 4.553 6.583 -3.139 6.256 0.010 1.503 -1.139
1.549 4.618 6.551 -3.244 6.254 0.010 1.549 -1.140
1.596 4.684 6.517 -3.354 6.252 0.010 1.596 -1.141
1.643 4.748 6.483 -3.470 6.251 0.010 1.643 -1.143
1.692 4.813 6.447 -3.593 6.249 0.010 1.691 -1.144
1.740 4.877 6.410 -3.721 6.246 0.010 1.740 -1.146
1.790 4.941 6.371 -3.857 6.244 0.010 1.790 -1.148
1.840 5.004 6.331 -4.000 6.242 0.010 1.840 -1.150
1.890 5.067 6.290 -4.150 6.240 0.010 1.890 -1.152
1.942 5.129 6.246 -4.309 6.237 0.010 1.941 -1.154
1.994 5.191 6.202 -4.477 6.234 0.010 1.993 -1.157
2.046 5.253 6.155 -4.654 6.232 0.010 2.046 -1.160
2.099 5.314 6.107 -4.840 6.229 0.010 2.099 -1.162
2.153 5.375 6.056 -5.037 6.226 0.010 2.152 -1.165
2.207 5.435 6.004 -5.244 6.223 0.010 2.207 -1.169
2.262 5.494 5.949 -5.462 6.220 0.010 2.262 -1.172
2.318 5.553 5.892 -5.693 6.216 0.010 2.317 -1.176
2.374 5.611 5.833 -5.936 6.213 0.010 2.373 -1.179
2.431 5.669 5.771 -6.192 6.209 0.010 2.429 -1.183
2.488 5.726 5.706 -6.462 6.205 0.010 2.487 -1.188
2.546 5.783 5.639 -6.746 6.201 0.010 2.544 -1.192
2.604 5.838 5.569 -7.045 6.197 0.010 2.602 -1.197
2.663 5.893 5.495 -7.359 6.193 0.010 2.661 -1.203
2.723 5.947 5.418 -7.690 6.188 0.010 2.720 -1.208
2.783 6.001 5.338 -8.038 6.184 0.010 2.780 -1.214
2.843 6.053 5.254 -8.403 6.179 0.010 2.840 -1.220
2.904 6.105 5.166 -8.785 6.173 0.010 2.901 -1.227
2.966 6.156 5.074 -9.186 6.168 0.010 2.962 -1.233
3.028 6.205 4.978 -9.606 6.163 0.010 3.024 -1.241
3.090 6.254 4.877 -10.044 6.157 0.010 3.086 -1.248
3.153 6.302 4.772 -10.501 6.151 0.010 3.148 -1.257
3.217 6.349 4.663 -10.976 6.145 0.010 3.211 -1.265
3.281 6.394 4.548 -11.470 6.138 0.010 3.274 -1.274
3.345 6.438 4.428 -11.982 6.131 0.010 3.338 -1.284
3.410 6.481 4.303 -12.509 6.124 0.010 3.402 -1.294
3.475 6.523 4.173 -13.052 6.117 0.010 3.467 -1.304
3.541 6.563 4.036 -13.608 6.109 0.010 3.531 -1.315
3.607 6.602 3.895 -14.174 6.101 0.010 3.596 -1.327
3.673 6.640 3.747 -14.747 6.093 0.010 3.661 -1.339
3.740 6.676 3.594 -15.323 6.084 0.010 3.727 -1.352
3.807 6.710 3.435 -15.896 6.075 0.010 3.793 -1.366
3.875 6.743 3.270 -16.461 6.066 0.010 3.859 -1.380
3.942 6.774 3.100 -17.009 6.056 0.010 3.925 -1.395
4.010 6.803 2.925 -17.532 6.046 0.010 3.991 -1.411
4.079 6.831 2.745 -18.017 6.035 0.010 4.057 -1.427
4.147 6.856 2.560 -18.453 6.024 0.010 4.124 -1.444
4.216 6.880 2.372 -18.823 6.013 0.010 4.190 -1.462
4.285 6.902 2.181 -19.111 6.001 0.010 4.256 -1.481
4.354 6.922 1.988 -19.295 5.988 0.010 4.323 -1.501
4.424 6.940 1.795 -19.353 5.976 0.010 4.389 -1.521
4.493 6.956 1.602 -19.258 5.962 0.010 4.455 -1.543
4.563 6.970 1.412 -18.981 5.948 0.010 4.521 -1.565
4.633 6.982 1.227 -18.490 5.934 0.010 4.587 -1.589
4.703 6.992 1.050 -17.749 5.918 0.010 4.652 -1.613
4.773 7.001 0.883 -16.721 5.903 0.010 4.718 -1.639
4.843 7.009 0.729 -15.365 5.886 0.010 4.782 -1.665
4.913 7.015 0.592 -13.644 5.869 0.010 4.847 -1.693
4.983 7.019 0.477 -11.515 5.852 0.010 4.911 -1.722
5.053 7.023 0.388 -8.942 5.834 0.010 4.975 -1.752
5.124 7.026 0.329 -5.890 5.815 0.010 5.038 -1.783
5.194 7.029 0.306 -2.334 5.796 0.010 5.100 -1.815
5.264 7.033 0.323 1.745 5.775 0.010 5.162 -1.849
5.335 7.037 0.387 6.349 5.755 0.010 5.223 -1.883
5.405 7.042 0.501 11.468 5.733 0.010 5.283 -1.920
5.475 7.048 0.672 17.067 5.711 0.010 5.343 -1.957
5.546 7.055 0.692 2.036 5.689 0.010 5.402 -1.996
5.617 7.061 0.572 -12.041 5.666 0.010 5.460 -2.036
5.687 7.066 0.525 -4.644 5.642 0.010 5.517 -2.078
5.758 7.072 0.551 2.542 5.618 0.010 5.573 -2.121
5.829 7.078 0.644 9.304 5.594 0.010 5.628 -2.165
5.900 7.086 0.798 15.421 5.569 0.010 5.683 -2.211
5.971 7.096 1.005 20.677 5.545 0.010 5.736 -2.258
6.042 7.109 1.254 24.878 5.520 0.010 5.788 -2.306
6.113 7.124 1.532 27.859 5.494 0.010 5.838 -2.356
6.184 7.142 1.827 29.500 5.469 0.010 5.888 -2.408
6.256 7.164 2.125 29.732 5.444 0.010 5.937 -2.460
6.328 7.188 2.410 28.545 5.419 0.010 5.984 -2.514
6.400 7.214 2.670 25.988 5.394 0.010 6.030 -2.570
6.472 7.245 3.100 43.009 5.370 0.010 6.075 -2.627
6.545 7.280 3.489 38.860 5.346 0.010 6.119 -2.685
6.618 7.316 3.614 12.511 5.322 0.010 6.162 -2.744
6.692 7.353 3.671 5.738 5.299 0.010 6.203 -2.805
6.766 7.390 3.659 -1.240 5.276 0.010 6.243 -2.867
6.840 7.425 3.573 -8.538 5.254 0.010 6.282 -2.930
6.915 7.460 3.414 -15.951 5.232 0.010 6.320 -2.995
6.990 7.491 3.181 -23.292 5.211 0.010 6.356 -3.060
7.065 7.520 2.877 -30.402 5.190 0.010 6.392 -3.126
7.140 7.545 2.505 -37.150 5.171 0.010 6.426 -3.194
7.216 7.566 2.071 -43.438 5.152 0.010 6.458 -3.262
7.292 7.582 1.579 -49.196 5.133 0.010 6.490 -3.331
7.368 7.592 1.035 -54.382 5.115 0.010 6.520 -3.400
7.444 7.597 0.445 -58.978 5.098 0.010 6.550 -3.471
7.520 7.597 0.044 -40.173 5.082 0.010 6.578 -3.541
7.596 7.595 -0.152 -19.549 5.066 0.010 6.605 -3.612
7.671 7.592 -0.359 -20.713 5.051 0.010 6.630 -3.684
7.747 7.586 -0.577 -21.829 5.037 0.010 6.655 -3.755
7.823 7.578 -0.803 -22.588 5.023 0.010 6.679 -3.827
7.899 7.568 -1.033 -23.039 5.009 0.010 6.701 -3.900
7.974 7.555 -1.266 -23.231 4.997 0.010 6.723 -3.972
8.050 7.540 -1.498 -23.206 4.984 0.010 6.744 -4.044
8.125 7.523 -1.728 -23.004 4.973 0.010 6.763 -4.117
8.200 7.503 -1.954 -22.656 4.961 0.010 6.782 -4.190
8.275 7.481 -2.176 -22.195 4.951 0.010 6.800 -4.262
8.349 7.458 -2.393 -21.644 4.940 0.010 6.818 -4.335
8.424 7.432 -2.603 -21.025 4.930 0.010 6.834 -4.407
8.498 7.403 -2.807 -20.358 4.921 0.010 6.850 -4.480
8.571 7.373 -3.003 -19.658 4.912 0.010 6.865 -4.552
8.645 7.341 -3.193 -18.937 4.903 0.010 6.879 -4.624
8.718 7.308 -3.375 -18.205 4.895 0.010 6.892 -4.696
8.791 7.272 -3.549 -17.473 4.887 0.010 6.905 -4.767
8.863 7.235 -3.717 -16.746 4.879 0.010 6.917 -4.839
8.935 7.196 -3.877 -16.030 4.872 0.010 6.929 -4.910
9.007 7.156 -4.030 -15.330 4.865 0.010 6.940 -4.980
9.078 7.114 -4.177 -14.647 4.858 0.010 6.951 -5.051
9.148 7.071 -4.317 -13.987 4.851 0.010 6.961 -5.121
9.219 7.027 -4.450 -13.349 4.845 0.010 6.970 -5.190
9.289 6.981 -4.578 -12.735 4.839 0.010 6.979 -5.259
9.358 6.934 -4.699 -12.146 4.833 0.010 6.988 -5.328
9.427 6.886 -4.815 -11.581 4.828 0.010 6.996 -5.397
9.495 6.836 -4.925 -11.042 4.823 0.010 7.004 -5.465
9.563 6.786 -5.031 -10.527 4.818 0.010 7.011 -5.532
9.630 6.735 -5.131 -10.036 4.813 0.010 7.018 -5.599
9.697 6.683 -5.227 -9.569 4.808 0.010 7.025 -5.666
9.763 6.629 -5.318 -9.125 4.804 0.010 7.031 -5.732
9.829 6.575 -5.405 -8.703 4.800 0.010 7.037 -5.797
9.894 6.520 -5.488 -8.303 4.796 0.010 7.042 -5.862
9.959 6.465 -5.567 -7.923 4.792 0.010 7.047 -5.926
10.023 6.408 -5.643 -7.562 4.788 0.010 7.052 -5.990
10.087 6.351 -5.715 -7.221 4.784 0.010 7.057 -6.054
10.150 6.293 -5.784 -6.896 4.781 0.010 7.061 -6.116
10.212 6.235 -5.850 -6.589 4.778 0.010 7.066 -6.179
10.274 6.176 -5.913 -6.299 4.774 0.010 7.070 -6.240
10.335 6.116 -5.973 -6.023 4.771 0.010 7.073 -6.301
10.395 6.056 -6.031 -5.762 4.768 0.010 7.077 -6.362
10.455 5.995 -6.086 -5.514 4.766 0.010 7.080 -6.422
10.515 5.933 -6.139 -5.280 4.763 0.010 7.083 -6.481
10.573 5.872 -6.189 -5.058 4.761 0.010 7.086 -6.540
10.631 5.809 -6.238 -4.847 4.758 0.010 7.089 -6.598
10.689 5.746 -6.284 -4.647 4.756 0.010 7.091 -6.655
10.746 5.683 -6.329 -4.458 4.754 0.010 7.094 -6.712
10.802 5.619 -6.372 -4.278 4.751 0.010 7.096 -6.768
10.857 5.555 -6.413 -4.108 4.749 0.010 7.098 -6.823
10.912 5.491 -6.452 -3.946 4.747 0.010 7.100 -6.878
10.967 5.426 -6.490 -3.792 4.746 0.010 7.102 -6.932
11.020 5.360 -6.526 -3.646 4.744 0.010 7.104 -6.986
11.073 5.295 -6.562 -3.508 4.742 0.010 7.105 -7.039
11.125 5.229 -6.595 -3.376 4.740 0.010 7.107 -7.091
11.177 5.163 -6.628 -3.251 4.739 0.010 7.108 -7.143
11.228 5.096 -6.659 -3.131 4.737 0.010 7.109 -7.194
11.278 5.029 -6.689 -3.018 4.736 0.010 7.111 -7.244
11.328 4.962 -6.718 -2.910 4.735 0.010 7.112 -7.294
11.377 4.894 -6.746 -2.807 4.733 0.010 7.113 -7.343
11.425 4.827 -6.774 -2.708 4.732 0.010 7.114 -7.391
11.473 4.759 -6.800 -2.615 4.731 0.010 7.115 -7.438
11.520 4.691 -6.825 -2.525 4.730 0.010 7.116 -7.485
11.566 4.622 -6.849 -2.440 4.729 0.010 7.116 -7.532
11.611 4.553 -6.873 -2.358 4.728 0.010 7.117 -7.577
11.656 4.484 -6.896 -2.280 4.727 0.010 7.118 -7.622
11.700 4.415 -6.918 -2.205 4.726 0.010 7.118 -7.666
11.744 4.346 -6.939 -2.133 4.725 0.010 7.119 -7.710
11.787 4.276 -6.960 -2.064 4.724 0.010 7.119 -7.752
11.829 4.206 -6.980 -1.998 4.724 0.010 7.120 -7.794
11.870 4.136 -6.999 -1.935 4.723 0.010 7.120 -7.836
11.911 4.066 -7.018 -1.874 4.722 0.010 7.121 -7.876
11.951 3.996 -7.036 -1.816 4.722 0.010 7.121 -7.916
11.990 3.925 -7.054 -1.759 4.721 0.010 7.122 -7.956
12.029 3.855 -7.071 -1.705 4.720 0.010 7.122 -7.994
12.066 3.784 -7.087 -1.653 4.720 0.010 7.122 -8.032
12.103 3.713 -7.103 -1.602 4.719 0.010 7.122 -8.069
12.140 3.642 -7.119 -1.553 4.719 0.010 7.123 -8.106
12.176 3.570 -7.134 -1.506 4.718 0.010 7.123 -8.141
12.211 3.499 -7.148 -1.460 4.718 0.010 7.123 -8.176
12.245 3.427 -7.162 -1.416 4.718 0.010 7.123 -8.210
12.278 3.355 -7.176 -1.373 4.717 0.010 7.123 -8.244
12.311 3.283 -7.190 -1.331 4.717 0.010 7.124 -8.277
12.343 3.211 -7.202 -1.291 4.717 0.010 7.124 -8.309
12.375 3.139 -7.215 -1.251 4.716 0.010 7.124 -8.340
12.405 3.067 -7.227 -1.213 4.716 0.010 7.124 -8.371
12.435 2.995 -7.239 -1.175 4.716 0.010 7.124 -8.401
12.465 2.922 -7.250 -1.139 4.715 0.010 7.124 -8.430
12.493 2.849 -7.261 -1.103 4.715 0.010 7.124 -8.459
12.521 2.777 -7.272 -1.068 4.715 0.010 7.124 -8.486
12.548 2.704 -7.282 -1.034 4.715 0.010 7.124 -8.513
12.574 2.631 -7.292 -1.000 4.715 0.010 7.124 -8.540
12.600 2.558 -7.302 -0.968 4.714 0.010 7.124 -8.565
12.625 2.485 -7.311 -0.935 4.714 0.010 7.125 -8.590
12.649 2.412 -7.320 -0.904 4.714 0.010 7.125 -8.614
12.672 2.338 -7.329 -0.873 4.714 0.010 7.125 -8.638
12.695 2.265 -7.337 -0.842 4.714 0.010 7.125 -8.660
12.717 2.192 -7.346 -0.812 4.714 0.010 7.125 -8.682
12.738 2.118 -7.353 -0.782 4.714 0.010 7.125 -8.703
12.758 2.044 -7.361 -0.753 4.714 0.010 7.125 -8.724
12.778 1.971 -7.368 -0.724 4.714 0.010 7.125 -8.744
12.797 1.897 -7.375 -0.695 4.714 0.010 7.125 -8.763
12.815 1.823 -7.382 -0.667 4.714 0.010 7.125 -8.781
12.833 1.749 -7.388 -0.639 4.713 0.010 7.125 -8.798
12.849 1.675 -7.394 -0.611 4.713 0.010 7.125 -8.815
12.865 1.601 -7.400 -0.583 4.713 0.010 7.125 -8.831
12.881 1.527 -7.406 -0.556 4.713 0.010 7.125 -8.846
12.895 1.453 -7.411 -0.529 4.713 0.010 7.125 -8.861
12.909 1.379 -7.416 -0.502 4.713 0.010 7.125 -8.875
12.922 1.305 -7.421 -0.476 4.713 0.010 7.125 -8.888
12.934 1.231 -7.425 -0.449 4.713 0.010 7.125 -8.900
12.946 1.156 -7.429 -0.423 4.713 0.010 7.125 -8.912
12.957 1.082 -7.433 -0.396 4.713 0.010 7.125 -8.922
12.967 1.008 -7.437 -0.370 4.713 0.010 7.125 -8.932
12.976 0.933 -7.441 -0.344 4.713 0.010 7.125 -8.942
12.985 0.859 -7.444 -0.319 4.713 0.010 7.125 -8.950
12.993 0.784 -7.447 -0.293 4.713 0.010 7.125 -8.958
13.000 0.710 -7.449 -0.267 4.713 0.010 7.125 -8.965
13.006 0.635 -7.452 -0.241 4.713 0.010 7.125 -8.972
13.012 0.561 -7.454 -0.216 4.713 0.010 7.125 -8.977
13.017 0.486 -7.456 -0.190 4.713 0.010 7.125 -8.982
13.021 0.414 -7.175 28.072 4.713 0.010 7.125 -8.986
13.024 0.348 -6.607 56.801 4.713 0.010 7.125 -8.990
13.027 0.288 -6.034 57.294 4.713 0.010 7.125 -8.993
13.029 0.233 -5.461 57.321 4.713 0.010 7.125 -8.995
13.031 0.184 -4.888 57.344 4.713 0.010 7.125 -8.997
13.033 0.141 -4.314 57.362 4.713 0.010 7.125 -8.998
13.034 0.104 -3.740 57.376 4.713 0.010 7.125 -8.999
13.034 0.072 -3.166 57.387 4.713 0.010 7.125 -9.000
13.035 0.046 -2.592 57.395 4.713 0.010 7.125 -9.000
13.035 0.026 -2.018 57.400 4.713 0.010 7.125 -9.001
13.035 0.012 -1.444 57.403 4.713 0.010 7.125 -9.001
13.035 0.003 -0.870 57.404 4.713 0.010 7.125 -9.001
13.035 0.000 -0.296 57.405 4.713 0.010 7.125 -9.001
13.035 0.000 -0.005 29.163 4.713 0.010 7.125 -9.001
