Balls_Blue
293
0.000 0.006 0.573 57.334 0.000 0.010 0.000 1.125
0.000 0.011 0.573 -0.000 0.000 0.010 0.000 1.125
0.000 0.026 1.433 85.999 0.000 0.010 0.000 1.125
0.001 0.046 2.007 57.330 0.000 0.010 0.001 1.125
0.002 0.072 2.580 57.324 0.000 0.010 0.002 1.125
0.003 0.103 3.153 57.315 0.000 0.010 0.003 1.125
0.004 0.140 3.726 57.302 0.000 0.010 0.004 1.125
0.006 0.183 4.299 57.283 0.000 0.010 0.006 1.125
0.008 0.232 4.871 57.258 0.000 0.010 0.008 1.125
0.011 0.287 5.444 57.226 0.000 0.010 0.011 1.125
0.015 0.347 6.016 57.186 0.000 0.010 0.015 1.125
0.019 0.413 6.587 57.138 0.000 0.010 0.019 1.125
0.023 0.484 7.158 57.079 0.000 0.010 0.023 1.125
0.029 0.559 7.441 28.366 0.000 0.010 0.029 1.125
0.035 0.633 7.438 -0.334 0.000 0.010 0.035 1.125
0.042 0.707 7.434 -0.377 0.000 0.010 0.042 1.125
0.050 0.782 7.430 -0.421 0.000 0.010 0.050 1.125
0.059 0.856 7.425 -0.464 0.000 0.010 0.059 1.125
0.068 0.930 7.420 -0.508 0.000 0.010 0.068 1.125
0.078 1.004 7.415 -0.551 0.000 0.010 0.078 1.125
0.089 1.078 7.409 -0.593 0.000 0.010 0.089 1.125
0.100 1.152 7.403 -0.636 0.000 0.010 0.100 1.125
0.113 1.226 7.396 -0.678 0.000 0.010 0.113 1.125
0.126 1.300 7.389 -0.720 0.000 0.010 0.126 1.125
0.139 1.374 7.381 -0.761 0.000 0.010 0.139 1.125
0.154 1.448 7.373 -0.802 0.000 0.010 0.154 1.125
0.169 1.521 7.365 -0.843 0.000 0.010 0.169 1.125
0.185 1.595 7.356 -0.884 0.000 0.010 0.185 1.125
0.202 1.668 7.346 -0.924 0.000 0.010 0.202 1.125
0.219 1.742 7.337 -0.964 0.001 0.010 0.219 1.125
0.237 1.815 7.327 -1.004 0.001 0.010 0.237 1.125
0.256 1.888 7.316 -1.044 0.001 0.010 0.256 1.125
0.276 1.961 7.305 -1.084 0.001 0.010 0.276 1.125
0.296 2.034 7.294 -1.123 0.001 0.010 0.296 1.125
0.317 2.107 7.283 -1.162 0.001 0.010 0.317 1.125
0.339 2.180 7.271 -1.202 0.001 0.010 0.339 1.125
0.362 2.252 7.258 -1.241 0.002 0.010 0.362 1.125
0.385 2.325 7.245 -1.280 0.002 0.010 0.385 1.125
0.409 2.397 7.232 -1.319 0.002 0.010 0.409 1.125
0.434 2.469 7.219 -1.359 0.002 0.010 0.434 1.125
0.459 2.541 7.205 -1.399 0.002 0.010 0.459 1.125
0.485 2.613 7.190 -1.439 0.003 0.010 0.485 1.125
0.512 2.685 7.175 -1.479 0.003 0.010 0.512 1.126
0.539 2.757 7.160 -1.520 0.003 0.010 0.539 1.126
0.568 2.828 7.145 -1.561 0.004 0.010 0.568 1.126
0.597 2.899 7.129 -1.603 0.004 0.010 0.597 1.126
0.626 2.970 7.112 -1.646 0.005 0.010 0.626 1.126
0.657 3.041 7.095 -1.689 0.005 0.010 0.657 1.126
0.688 3.112 7.078 -1.733 0.006 0.010 0.688 1.126
0.720 3.183 7.060 -1.779 0.006 0.010 0.720 1.126
0.752 3.253 7.042 -1.825 0.007 0.010 0.752 1.127
0.786 3.323 7.023 -1.872 0.007 0.010 0.786 1.127
0.820 3.393 7.004 -1.922 0.008 0.010 0.820 1.127
0.854 3.463 6.984 -1.972 0.009 0.010 0.854 1.127
0.889 3.533 6.964 -2.024 0.009 0.010 0.889 1.128
0.926 3.602 6.943 -2.078 0.010 0.010 0.926 1.128
0.962 3.672 6.922 -2.134 0.011 0.010 0.962 1.129
1.000 3.741 6.900 -2.191 0.012 0.010 1.000 1.129
1.038 3.809 6.877 -2.251 0.013 0.010 1.038 1.129
1.077 3.878 6.854 -2.314 0.014 0.010 1.076 1.130
1.116 3.946 6.831 -2.379 0.015 0.010 1.116 1.130
1.156 4.014 6.806 -2.447 0.016 0.010 1.156 1.131
1.197 4.082 6.781 -2.518 0.017 0.010 1.197 1.132
1.238 4.150 6.755 -2.593 0.018 0.010 1.238 1.132
1.281 4.217 6.728 -2.670 0.019 0.010 1.281 1.133
1.323 4.284 6.701 -2.751 0.021 0.010 1.323 1.134
1.367 4.351 6.672 -2.837 0.022 0.010 1.367 1.135
1.411 4.417 6.643 -2.926 0.024 0.010 1.411 1.136
1.456 4.483 6.613 -3.020 0.025 0.010 1.456 1.137
1.501 4.549 6.582 -3.119 0.027 0.010 1.501 1.138
1.548 4.615 6.549 -3.222 0.029 0.010 1.547 1.140
1.594 4.680 6.516 -3.332 0.030 0.010 1.594 1.141
1.642 4.744 6.482 -3.447 0.032 0.010 1.642 1.143
1.690 4.809 6.446 -3.568 0.034 0.010 1.690 1.144
1.739 4.873 6.409 -3.695 0.036 0.010 1.738 1.146
1.788 4.937 6.371 -3.829 0.038 0.010 1.788 1.148
1.838 5.000 6.331 -3.971 0.041 0.010 1.838 1.150
1.889 5.063 6.290 -4.119 0.043 0.010 1.888 1.152
1.940 5.125 6.247 -4.277 0.046 0.010 1.940 1.154
1.992 5.187 6.203 -4.441 0.048 0.010 1.991 1.156
2.044 5.249 6.157 -4.617 0.051 0.010 2.044 1.159
2.097 5.310 6.109 -4.800 0.054 0.010 2.097 1.162
2.151 5.371 6.059 -4.994 0.057 0.010 2.150 1.165
2.205 5.431 6.007 -5.199 0.060 0.010 2.205 1.168
2.260 5.490 5.952 -5.414 0.063 0.010 2.259 1.171
2.316 5.549 5.896 -5.642 0.066 0.010 2.315 1.175
2.372 5.608 5.837 -5.881 0.070 0.010 2.371 1.179
2.429 5.665 5.776 -6.133 0.073 0.010 2.427 1.183
2.486 5.722 5.712 -6.399 0.077 0.010 2.484 1.187
2.544 5.779 5.645 -6.679 0.081 0.010 2.542 1.192
2.602 5.835 5.575 -6.974 0.085 0.010 2.600 1.196
2.661 5.890 5.503 -7.284 0.090 0.010 2.659 1.202
2.720 5.944 5.426 -7.610 0.094 0.010 2.718 1.207
2.780 5.997 5.347 -7.952 0.099 0.010 2.778 1.213
2.841 6.050 5.264 -8.312 0.104 0.010 2.838 1.219
2.902 6.102 5.177 -8.688 0.109 0.010 2.898 1.225
2.963 6.153 5.086 -9.084 0.114 0.010 2.960 1.232
3.025 6.203 4.991 -9.497 0.119 0.010 3.021 1.239
3.088 6.252 4.892 -9.929 0.125 0.010 3.083 1.247
3.151 6.299 4.788 -10.380 0.131 0.010 3.146 1.255
3.214 6.346 4.680 -10.849 0.137 0.010 3.209 1.264
3.278 6.392 4.566 -11.336 0.144 0.010 3.272 1.273
3.343 6.436 4.448 -11.840 0.150 0.010 3.336 1.282
3.407 6.480 4.324 -12.363 0.157 0.010 3.400 1.292
3.473 6.522 4.195 -12.898 0.165 0.010 3.464 1.302
3.538 6.562 4.061 -13.448 0.172 0.010 3.529 1.313
3.604 6.601 3.921 -14.009 0.180 0.010 3.594 1.325
3.671 6.639 3.775 -14.578 0.188 0.010 3.659 1.337
3.737 6.675 3.623 -15.150 0.197 0.010 3.724 1.350
3.804 6.710 3.466 -15.721 0.206 0.010 3.790 1.363
3.872 6.743 3.303 -16.285 0.215 0.010 3.856 1.377
3.940 6.774 3.135 -16.834 0.225 0.010 3.922 1.392
4.008 6.804 2.961 -17.359 0.235 0.010 3.989 1.408
4.076 6.832 2.783 -17.852 0.245 0.010 4.055 1.424
4.145 6.858 2.600 -18.297 0.256 0.010 4.121 1.441
4.213 6.882 2.413 -18.682 0.268 0.010 4.188 1.459
4.282 6.904 2.223 -18.989 0.280 0.010 4.254 1.477
4.352 6.925 2.031 -19.198 0.292 0.010 4.321 1.497
4.421 6.943 1.838 -19.288 0.305 0.010 4.387 1.517
4.491 6.959 1.646 -19.233 0.318 0.010 4.453 1.539
4.560 6.974 1.456 -19.004 0.332 0.010 4.519 1.561
4.630 6.987 1.270 -18.571 0.346 0.010 4.585 1.584
4.700 6.998 1.091 -17.899 0.361 0.010 4.651 1.608
4.770 7.007 0.922 -16.953 0.377 0.010 4.716 1.634
4.840 7.014 0.765 -15.691 0.393 0.010 4.781 1.660
4.911 7.021 0.624 -14.077 0.410 0.010 4.846 1.687
4.981 7.026 0.503 -12.069 0.427 0.010 4.910 1.716
5.051 7.030 0.407 -9.630 0.445 0.010 4.974 1.746
5.122 7.033 0.340 -6.724 0.464 0.010 5.037 1.777
5.192 7.036 0.306 -3.325 0.483 0.010 5.100 1.809
5.262 7.039 0.312 0.589 0.503 0.010 5.162 1.842
5.333 7.043 0.363 5.024 0.524 0.010 5.223 1.877
5.403 7.048 0.462 9.972 0.545 0.010 5.284 1.912
5.474 7.054 0.616 15.408 0.566 0.010 5.344 1.950
5.544 7.060 0.619 0.214 0.589 0.010 5.403 1.988
5.615 7.065 0.479 -13.989 0.612 0.010 5.461 2.028
5.686 7.069 0.412 -6.661 0.635 0.010 5.518 2.069
5.756 7.073 0.417 0.506 0.659 0.010 5.575 2.112
5.827 7.078 0.490 7.303 0.683 0.010 5.630 2.156
5.898 7.084 0.625 13.515 0.708 0.010 5.685 2.201
5.969 7.092 0.815 18.928 0.733 0.010 5.738 2.248
6.040 7.103 1.048 23.345 0.758 0.010 5.790 2.296
6.111 7.116 1.314 26.596 0.783 0.010 5.841 2.346
6.182 7.132 1.599 28.553 0.808 0.010 5.891 2.397
6.254 7.151 1.891 29.135 0.833 0.010 5.940 2.449
6.326 7.172 2.136 24.561 0.858 0.010 5.988 2.503
6.398 7.194 2.153 1.631 0.883 0.010 6.034 2.558
6.470 7.215 2.168 1.507 0.907 0.010 6.079 2.614
6.542 7.239 2.340 17.234 0.931 0.010 6.123 2.672
6.615 7.263 2.455 11.462 0.955 0.010 6.166 2.730
6.688 7.288 2.504 4.963 0.979 0.010 6.207 2.790
6.761 7.313 2.484 -2.044 1.001 0.010 6.247 2.852
6.834 7.337 2.390 -9.346 1.024 0.010 6.286 2.914
6.908 7.359 2.223 -16.737 1.045 0.010 6.324 2.977
6.982 7.379 1.983 -24.037 1.066 0.010 6.360 3.041
7.056 7.396 1.672 -31.088 1.087 0.010 6.395 3.106
7.130 7.409 1.294 -37.766 1.106 0.010 6.429 3.172
7.204 7.417 0.854 -43.975 1.125 0.010 6.461 3.239
7.278 7.421 0.399 -45.548 1.144 0.010 6.493 3.306
7.352 7.423 0.121 -27.826 1.162 0.010 6.523 3.374
7.426 7.423 -0.007 -12.790 1.179 0.010 6.552 3.442
7.501 7.421 -0.160 -15.321 1.195 0.010 6.580 3.511
7.575 7.418 -0.334 -17.355 1.211 0.010 6.606 3.580
7.649 7.412 -0.523 -18.942 1.226 0.010 6.632 3.650
7.723 7.405 -0.725 -20.134 1.240 0.010 6.656 3.720
7.797 7.396 -0.934 -20.978 1.254 0.010 6.680 3.790
7.871 7.384 -1.150 -21.523 1.268 0.010 6.702 3.860
7.944 7.371 -1.368 -21.813 1.281 0.010 6.724 3.931
8.018 7.355 -1.587 -21.887 1.293 0.010 6.745 4.001
8.091 7.337 -1.805 -21.783 1.305 0.010 6.764 4.072
8.165 7.316 -2.020 -21.531 1.316 0.010 6.783 4.143
8.238 7.294 -2.231 -21.161 1.327 0.010 6.801 4.213
8.310 7.270 -2.438 -20.698 1.338 0.010 6.818 4.284
8.383 7.243 -2.640 -20.162 1.348 0.010 6.835 4.355
8.455 7.215 -2.836 -19.572 1.357 0.010 6.850 4.425
8.527 7.185 -3.025 -18.943 1.366 0.010 6.865 4.495
8.598 7.153 -3.208 -18.288 1.375 0.010 6.879 4.565
8.669 7.119 -3.384 -17.618 1.384 0.010 6.893 4.635
8.740 7.083 -3.554 -16.942 1.392 0.010 6.906 4.705
8.811 7.046 -3.716 -16.266 1.400 0.010 6.918 4.774
8.881 7.007 -3.872 -15.597 1.407 0.010 6.930 4.843
8.950 6.967 -4.022 -14.939 1.414 0.010 6.941 4.912
9.020 6.926 -4.165 -14.296 1.421 0.010 6.951 4.981
9.088 6.883 -4.301 -13.670 1.428 0.010 6.961 5.049
9.157 6.838 -4.432 -13.064 1.434 0.010 6.971 5.117
9.225 6.793 -4.557 -12.479 1.440 0.010 6.980 5.184
9.292 6.746 -4.676 -11.916 1.446 0.010 6.989 5.251
9.359 6.698 -4.790 -11.375 1.452 0.010 6.997 5.317
9.426 6.649 -4.898 -10.857 1.457 0.010 7.004 5.383
9.492 6.599 -5.002 -10.361 1.462 0.010 7.012 5.449
9.557 6.548 -5.101 -9.888 1.467 0.010 7.019 5.514
9.622 6.496 -5.195 -9.438 1.472 0.010 7.025 5.579
9.687 6.443 -5.285 -9.007 1.477 0.010 7.031 5.643
9.750 6.389 -5.371 -8.599 1.481 0.010 7.037 5.706
9.814 6.335 -5.453 -8.210 1.485 0.010 7.043 5.769
9.877 6.280 -5.532 -7.841 1.489 0.010 7.048 5.832
9.939 6.224 -5.607 -7.490 1.493 0.010 7.053 5.894
10.001 6.167 -5.678 -7.157 1.497 0.010 7.058 5.956
10.062 6.109 -5.747 -6.842 1.500 0.010 7.062 6.016
10.122 6.051 -5.812 -6.542 1.504 0.010 7.066 6.077
10.182 5.992 -5.875 -6.259 1.507 0.010 7.070 6.137
10.241 5.933 -5.934 -5.989 1.510 0.010 7.074 6.196
10.300 5.873 -5.992 -5.734 1.513 0.010 7.077 6.254
10.358 5.813 -6.047 -5.492 1.516 0.010 7.081 6.313
10.416 5.752 -6.099 -5.263 1.519 0.010 7.084 6.370
10.473 5.690 -6.150 -5.045 1.521 0.010 7.087 6.427
10.529 5.628 -6.198 -4.839 1.524 0.010 7.089 6.483
10.585 5.566 -6.245 -4.644 1.526 0.010 7.092 6.539
10.640 5.503 -6.289 -4.458 1.528 0.010 7.094 6.594
10.694 5.440 -6.332 -4.282 1.531 0.010 7.097 6.648
10.748 5.376 -6.373 -4.116 1.533 0.010 7.099 6.702
10.801 5.312 -6.413 -3.957 1.535 0.010 7.101 6.755
10.853 5.247 -6.451 -3.807 1.537 0.010 7.102 6.807
10.905 5.182 -6.488 -3.665 1.539 0.010 7.104 6.859
10.956 5.117 -6.523 -3.529 1.540 0.010 7.106 6.910
11.007 5.052 -6.557 -3.400 1.542 0.010 7.107 6.961
11.057 4.986 -6.590 -3.278 1.544 0.010 7.109 7.010
11.106 4.919 -6.621 -3.161 1.545 0.010 7.110 7.060
11.154 4.853 -6.652 -3.051 1.547 0.010 7.111 7.108
11.202 4.786 -6.681 -2.945 1.548 0.010 7.112 7.156
11.250 4.719 -6.710 -2.845 1.549 0.010 7.113 7.203
11.296 4.652 -6.737 -2.749 1.551 0.010 7.114 7.250
11.342 4.584 -6.764 -2.658 1.552 0.010 7.115 7.295
11.387 4.516 -6.789 -2.571 1.553 0.010 7.116 7.341
11.431 4.448 -6.814 -2.487 1.554 0.010 7.117 7.385
11.475 4.380 -6.838 -2.408 1.555 0.010 7.117 7.429
11.518 4.311 -6.862 -2.332 1.556 0.010 7.118 7.472
11.561 4.242 -6.884 -2.259 1.557 0.010 7.119 7.514
11.603 4.173 -6.906 -2.189 1.558 0.010 7.119 7.556
11.644 4.104 -6.927 -2.123 1.559 0.010 7.120 7.597
11.684 4.034 -6.948 -2.058 1.560 0.010 7.120 7.638
11.724 3.965 -6.968 -1.997 1.560 0.010 7.121 7.677
11.763 3.895 -6.987 -1.938 1.561 0.010 7.121 7.716
11.801 3.825 -7.006 -1.881 1.562 0.010 7.121 7.754
11.838 3.754 -7.024 -1.826 1.562 0.010 7.122 7.792
11.875 3.684 -7.042 -1.773 1.563 0.010 7.122 7.829
11.911 3.613 -7.059 -1.722 1.563 0.010 7.122 7.865
11.947 3.543 -7.076 -1.673 1.564 0.010 7.123 7.900
11.981 3.472 -7.092 -1.625 1.564 0.010 7.123 7.935
12.015 3.401 -7.108 -1.579 1.565 0.010 7.123 7.969
12.049 3.329 -7.123 -1.534 1.565 0.010 7.123 8.002
12.081 3.258 -7.138 -1.490 1.566 0.010 7.123 8.035
12.113 3.186 -7.153 -1.448 1.566 0.010 7.124 8.067
12.144 3.115 -7.167 -1.407 1.566 0.010 7.124 8.098
12.175 3.043 -7.181 -1.366 1.567 0.010 7.124 8.128
12.204 2.971 -7.194 -1.327 1.567 0.010 7.124 8.158
12.233 2.899 -7.207 -1.289 1.567 0.010 7.124 8.187
12.262 2.827 -7.219 -1.251 1.568 0.010 7.124 8.215
12.289 2.755 -7.231 -1.214 1.568 0.010 7.124 8.243
12.316 2.682 -7.243 -1.178 1.568 0.010 7.124 8.270
12.342 2.610 -7.255 -1.142 1.568 0.010 7.124 8.296
12.368 2.537 -7.266 -1.107 1.568 0.010 7.124 8.321
12.392 2.464 -7.276 -1.073 1.569 0.010 7.124 8.346
12.416 2.391 -7.287 -1.039 1.569 0.010 7.125 8.370
12.439 2.318 -7.297 -1.006 1.569 0.010 7.125 8.393
12.462 2.245 -7.307 -0.972 1.569 0.010 7.125 8.415
12.483 2.172 -7.316 -0.940 1.569 0.010 7.125 8.437
12.504 2.099 -7.325 -0.907 1.569 0.010 7.125 8.458
12.525 2.025 -7.334 -0.875 1.569 0.010 7.125 8.478
12.544 1.952 -7.342 -0.843 1.569 0.010 7.125 8.498
12.563 1.879 -7.350 -0.811 1.570 0.010 7.125 8.517
12.581 1.805 -7.358 -0.780 1.570 0.010 7.125 8.535
12.598 1.731 -7.366 -0.748 1.570 0.010 7.125 8.552
12.615 1.658 -7.373 -0.717 1.570 0.010 7.125 8.569
12.631 1.584 -7.380 -0.686 1.570 0.010 7.125 8.584
12.646 1.510 -7.386 -0.655 1.570 0.010 7.125 8.599
12.660 1.436 -7.392 -0.624 1.570 0.010 7.125 8.614
12.674 1.362 -7.398 -0.593 1.570 0.010 7.125 8.627
12.687 1.288 -7.404 -0.562 1.570 0.010 7.125 8.640
12.699 1.214 -7.409 -0.532 1.570 0.010 7.125 8.652
12.710 1.140 -7.414 -0.501 1.570 0.010 7.125 8.664
12.721 1.066 -7.419 -0.470 1.570 0.010 7.125 8.675
12.731 0.991 -7.423 -0.439 1.570 0.010 7.125 8.684
12.740 0.917 -7.427 -0.409 1.570 0.010 7.125 8.694
12.748 0.843 -7.431 -0.378 1.570 0.010 7.125 8.702
12.756 0.768 -7.435 -0.347 1.570 0.010 7.125 8.710
12.763 0.694 -7.438 -0.317 1.570 0.010 7.125 8.717
12.769 0.620 -7.441 -0.286 1.570 0.010 7.125 8.723
12.775 0.545 -7.443 -0.255 1.570 0.010 7.125 8.728
12.779 0.471 -7.393 4.997 1.570 0.010 7.125 8.733
12.783 0.401 -7.056 33.689 1.570 0.010 7.125 8.737
12.787 0.336 -6.485 57.166 1.570 0.010 7.125 8.740
12.790 0.277 -5.913 57.205 1.570 0.010 7.125 8.743
12.792 0.223 -5.340 57.237 1.570 0.010 7.125 8.745
12.794 0.176 -4.768 57.264 1.570 0.010 7.125 8.747
12.795 0.134 -4.195 57.285 1.570 0.010 7.125 8.748
12.796 0.097 -3.622 57.301 1.570 0.010 7.125 8.749
12.797 0.067 -3.049 57.313 1.570 0.010 7.125 8.750
12.797 0.042 -2.475 57.322 1.570 0.010 7.125 8.751
12.797 0.023 -1.902 57.328 1.570 0.010 7.125 8.751
12.797 0.010 -1.329 57.331 1.570 0.010 7.125 8.751
12.797 0.002 -0.756 57.333 1.570 0.010 7.125 8.751
12.797 0.000 -0.234 52.110 1.570 0.010 7.125 8.751
0.000 0.006 0.573 57.334 0.000 0.010 0.000 -1.125
0.000 0.011 0.573 0.000 0.000 0.010 0.000 -1.125
0.000 0.026 1.433 86.002 0.000 0.010 0.000 -1.125
0.001 0.046 2.007 57.338 0.000 0.010 0.001 -1.125
0.002 0.072 2.580 57.344 0.000 0.010 0.002 -1.125
0.003 0.103 3.154 57.353 0.000 0.010 0.003 -1.125
0.004 0.140 3.727 57.366 0.000 0.010 0.004 -1.125
0.006 0.183 4.301 57.385 0.000 0.010 0.006 -1.125
0.008 0.232 4.875 57.410 0.000 0.010 0.008 -1.125
0.011 0.287 5.450 57.442 0.000 0.010 0.011 -1.125
0.015 0.347 6.025 57.482 0.000 0.010 0.015 -1.125
0.019 0.413 6.600 57.530 0.000 0.010 0.019 -1.125
0.023 0.485 7.176 57.588 0.000 0.010 0.023 -1.125
0.029 0.559 7.465 28.968 0.000 0.010 0.029 -1.125
0.035 0.634 7.469 0.333 0.000 0.010 0.035 -1.125
0.043 0.709 7.473 0.377 0.000 0.010 0.043 -1.125
0.050 0.784 7.477 0.421 0.000 0.010 0.050 -1.125
0.059 0.858 7.481 0.464 0.000 0.010 0.059 -1.125
0.068 0.933 7.486 0.508 0.000 0.010 0.068 -1.125
0.078 1.008 7.492 0.551 0.000 0.010 0.078 -1.125
0.089 1.083 7.498 0.593 0.000 0.010 0.089 -1.125
0.101 1.158 7.504 0.636 0.000 0.010 0.101 -1.125
0.113 1.233 7.511 0.678 0.000 0.010 0.113 -1.125
0.126 1.308 7.518 0.720 0.000 0.010 0.126 -1.125
0.140 1.384 7.526 0.761 0.000 0.010 0.140 -1.125
0.155 1.459 7.534 0.802 0.000 0.010 0.155 -1.125
0.170 1.535 7.542 0.843 0.000 0.010 0.170 -1.125
0.186 1.610 7.551 0.884 0.000 0.010 0.186 -1.125
0.203 1.686 7.560 0.924 0.000 0.010 0.203 -1.125
0.221 1.761 7.570 0.964 0.001 0.010 0.221 -1.125
0.239 1.837 7.580 1.004 0.001 0.010 0.239 -1.125
0.258 1.913 7.590 1.044 0.001 0.010 0.258 -1.125
0.278 1.989 7.601 1.084 0.001 0.010 0.278 -1.125
0.299 2.065 7.613 1.123 0.001 0.010 0.299 -1.125
0.320 2.141 7.624 1.162 0.001 0.010 0.320 -1.125
0.342 2.218 7.636 1.202 0.001 0.010 0.342 -1.125
0.365 2.294 7.649 1.241 0.002 0.010 0.365 -1.125
0.389 2.371 7.661 1.280 0.002 0.010 0.389 -1.125
0.413 2.448 7.675 1.320 0.002 0.010 0.413 -1.125
0.439 2.525 7.688 1.359 0.002 0.010 0.439 -1.125
0.465 2.602 7.702 1.399 0.002 0.010 0.465 -1.125
0.491 2.679 7.717 1.439 0.003 0.010 0.491 -1.125
0.519 2.756 7.731 1.479 0.003 0.010 0.519 -1.124
0.547 2.833 7.747 1.520 0.003 0.010 0.547 -1.124
0.576 2.911 7.762 1.561 0.004 0.010 0.576 -1.124
0.606 2.989 7.778 1.603 0.004 0.010 0.606 -1.124
0.637 3.067 7.795 1.646 0.005 0.010 0.637 -1.124
0.668 3.145 7.812 1.689 0.005 0.010 0.668 -1.124
0.701 3.223 7.829 1.733 0.006 0.010 0.701 -1.124
0.734 3.302 7.847 1.779 0.006 0.010 0.734 -1.123
0.767 3.380 7.865 1.825 0.007 0.010 0.767 -1.123
0.802 3.459 7.884 1.873 0.007 0.010 0.802 -1.123
0.837 3.538 7.903 1.921 0.008 0.010 0.837 -1.123
0.874 3.617 7.923 1.972 0.009 0.010 0.874 -1.122
0.911 3.697 7.943 2.024 0.009 0.010 0.911 -1.122
0.948 3.776 7.964 2.078 0.010 0.010 0.948 -1.122
0.987 3.856 7.985 2.133 0.011 0.010 0.987 -1.121
1.026 3.936 8.007 2.191 0.012 0.010 1.026 -1.121
1.066 4.017 8.029 2.251 0.013 0.010 1.066 -1.120
1.107 4.097 8.052 2.314 0.014 0.010 1.107 -1.120
1.149 4.178 8.076 2.379 0.015 0.010 1.149 -1.119
1.192 4.259 8.101 2.447 0.016 0.010 1.192 -1.119
1.235 4.340 8.126 2.518 0.017 0.010 1.235 -1.118
1.279 4.422 8.152 2.592 0.018 0.010 1.279 -1.117
1.324 4.504 8.179 2.670 0.019 0.010 1.324 -1.116
1.370 4.586 8.206 2.752 0.021 0.010 1.370 -1.115
1.417 4.668 8.234 2.836 0.022 0.010 1.417 -1.114
1.464 4.751 8.264 2.926 0.024 0.010 1.464 -1.113
1.513 4.834 8.294 3.020 0.025 0.010 1.513 -1.112
1.562 4.917 8.325 3.119 0.027 0.010 1.562 -1.111
1.612 5.000 8.357 3.223 0.029 0.010 1.612 -1.109
1.663 5.084 8.391 3.332 0.030 0.010 1.663 -1.108
1.714 5.169 8.425 3.447 0.032 0.010 1.714 -1.106
1.767 5.253 8.461 3.568 0.034 0.010 1.767 -1.105
1.820 5.338 8.498 3.695 0.036 0.010 1.820 -1.103
1.875 5.423 8.536 3.829 0.038 0.010 1.874 -1.101
1.930 5.509 8.576 3.970 0.041 0.010 1.929 -1.098
1.986 5.595 8.617 4.119 0.043 0.010 1.985 -1.096
2.042 5.682 8.660 4.276 0.046 0.010 2.042 -1.094
2.100 5.769 8.704 4.442 0.048 0.010 2.100 -1.091
2.159 5.857 8.750 4.616 0.051 0.010 2.158 -1.088
2.218 5.945 8.798 4.800 0.054 0.010 2.218 -1.085
2.278 6.033 8.848 4.994 0.057 0.010 2.278 -1.082
2.340 6.122 8.900 5.198 0.060 0.010 2.339 -1.078
2.402 6.212 8.954 5.414 0.063 0.010 2.401 -1.074
2.465 6.302 9.011 5.641 0.066 0.010 2.464 -1.070
2.529 6.392 9.070 5.880 0.070 0.010 2.528 -1.066
2.594 6.484 9.131 6.133 0.073 0.010 2.592 -1.061
2.659 6.576 9.195 6.399 0.077 0.010 2.658 -1.056
2.726 6.668 9.262 6.679 0.081 0.010 2.724 -1.051
2.794 6.762 9.331 6.973 0.085 0.010 2.792 -1.045
2.862 6.856 9.404 7.283 0.090 0.010 2.860 -1.039
2.932 6.950 9.480 7.609 0.094 0.010 2.929 -1.033
3.002 7.046 9.560 7.951 0.099 0.010 2.999 -1.026
3.074 7.142 9.643 8.310 0.104 0.010 3.070 -1.019
3.146 7.240 9.730 8.688 0.109 0.010 3.142 -1.011
3.219 7.338 9.821 9.082 0.114 0.010 3.215 -1.003
3.294 7.437 9.916 9.496 0.119 0.010 3.289 -0.995
3.369 7.537 10.015 9.928 0.125 0.010 3.364 -0.985
3.446 7.638 10.119 10.378 0.131 0.010 3.440 -0.976
3.523 7.741 10.227 10.847 0.137 0.010 3.516 -0.965
3.601 7.844 10.340 11.334 0.144 0.010 3.594 -0.954
3.681 7.949 10.459 11.839 0.150 0.010 3.673 -0.943
3.761 8.054 10.582 12.359 0.157 0.010 3.752 -0.930
3.843 8.162 10.711 12.896 0.165 0.010 3.833 -0.917
3.926 8.270 10.846 13.446 0.172 0.010 3.914 -0.903
4.009 8.380 10.986 14.006 0.180 0.010 3.997 -0.889
4.094 8.491 11.132 14.575 0.188 0.010 4.080 -0.873
4.180 8.604 11.283 15.146 0.197 0.010 4.165 -0.857
4.268 8.718 11.440 15.718 0.206 0.010 4.250 -0.839
4.356 8.835 11.603 16.280 0.215 0.010 4.337 -0.821
4.446 8.952 11.771 16.829 0.225 0.010 4.424 -0.801
4.536 9.072 11.945 17.356 0.235 0.010 4.512 -0.781
4.628 9.193 12.123 17.846 0.245 0.010 4.602 -0.759
4.721 9.316 12.306 18.292 0.256 0.010 4.692 -0.736
4.816 9.441 12.493 18.676 0.268 0.010 4.783 -0.711
4.911 9.568 12.683 18.982 0.280 0.010 4.875 -0.685
5.008 9.696 12.875 19.191 0.292 0.010 4.968 -0.658
5.107 9.827 13.068 19.281 0.305 0.010 5.062 -0.629
5.206 9.960 13.260 19.224 0.318 0.010 5.157 -0.599
5.307 10.094 13.450 18.996 0.332 0.010 5.253 -0.566
5.409 10.231 13.635 18.562 0.346 0.010 5.349 -0.532
5.513 10.369 13.814 17.890 0.361 0.010 5.446 -0.496
5.618 10.509 13.984 16.942 0.377 0.010 5.544 -0.458
5.725 10.650 14.141 15.681 0.393 0.010 5.643 -0.418
5.833 10.793 14.281 14.066 0.410 0.010 5.742 -0.376
5.942 10.937 14.402 12.058 0.427 0.010 5.842 -0.332
6.053 11.082 14.498 9.619 0.445 0.010 5.943 -0.285
6.165 11.227 14.565 6.714 0.464 0.010 6.044 -0.236
6.279 11.373 14.598 3.314 0.483 0.010 6.145 -0.184
6.394 11.519 14.592 -0.597 0.503 0.010 6.246 -0.129
6.511 11.665 14.542 -5.031 0.524 0.010 6.348 -0.072
6.629 11.809 14.442 -9.979 0.545 0.010 6.450 -0.012
6.748 11.952 14.288 -15.413 0.566 0.010 6.551 0.051
6.869 12.089 13.713 -57.547 0.589 0.010 6.652 0.117
6.991 12.216 12.706 -100.670 0.612 0.010 6.753 0.186
7.115 12.333 11.626 -107.995 0.635 0.010 6.853 0.258
7.239 12.437 10.474 -115.157 0.659 0.010 6.953 0.333
7.364 12.530 9.255 -121.950 0.683 0.010 7.051 0.411
7.490 12.610 7.973 -128.158 0.708 0.010 7.148 0.492
7.617 12.676 6.638 -133.568 0.733 0.010 7.243 0.575
7.745 12.729 5.258 -137.982 0.758 0.010 7.336 0.662
7.872 12.767 3.846 -141.231 0.783 0.010 7.428 0.751
8.000 12.791 2.414 -143.186 0.808 0.010 7.518 0.842
8.128 12.801 0.976 -143.767 0.833 0.010 7.605 0.936
8.256 12.796 -0.520 -149.640 0.858 0.010 7.690 1.031
8.384 12.772 -2.361 -184.041 0.883 0.010 7.772 1.129
8.511 12.731 -4.096 -173.474 0.907 0.010 7.852 1.228
8.638 12.677 -5.414 -131.874 0.931 0.010 7.929 1.329
8.764 12.610 -6.675 -126.105 0.955 0.010 8.003 1.431
8.889 12.531 -7.871 -119.610 0.979 0.010 8.074 1.534
9.014 12.442 -8.998 -112.607 1.001 0.010 8.142 1.638
9.137 12.341 -10.051 -105.310 1.024 0.010 8.207 1.743
9.259 12.231 -11.030 -97.922 1.045 0.010 8.270 1.848
9.381 12.111 -11.936 -90.627 1.066 0.010 8.330 1.954
9.500 11.984 -12.772 -83.578 1.087 0.010 8.386 2.059
9.619 11.848 -13.541 -76.903 1.106 0.010 8.441 2.164
9.736 11.706 -14.248 -70.697 1.125 0.010 8.492 2.270
9.851 11.557 -14.835 -58.680 1.144 0.010 8.541 2.374
9.966 11.407 -15.025 -19.071 1.162 0.010 8.587 2.479
10.078 11.258 -14.898 12.777 1.179 0.010 8.631 2.582
10.189 11.111 -14.745 15.308 1.195 0.010 8.673 2.685
10.299 10.965 -14.571 17.342 1.211 0.010 8.712 2.788
10.407 10.821 -14.382 18.930 1.226 0.010 8.749 2.889
10.514 10.679 -14.181 20.121 1.240 0.010 8.785 2.990
10.619 10.540 -13.971 20.967 1.254 0.010 8.818 3.090
10.723 10.402 -13.756 21.512 1.268 0.010 8.850 3.189
10.826 10.267 -13.538 21.803 1.281 0.010 8.880 3.287
10.927 10.134 -13.319 21.878 1.293 0.010 8.908 3.384
11.027 10.003 -13.101 21.773 1.305 0.010 8.935 3.481
11.126 9.874 -12.886 21.523 1.316 0.010 8.961 3.576
11.224 9.747 -12.675 21.154 1.327 0.010 8.985 3.671
11.320 9.622 -12.468 20.690 1.338 0.010 9.007 3.764
11.415 9.500 -12.266 20.156 1.348 0.010 9.029 3.857
11.509 9.379 -12.070 19.566 1.357 0.010 9.049 3.948
11.601 9.260 -11.881 18.938 1.366 0.010 9.068 4.039
11.693 9.143 -11.698 18.283 1.375 0.010 9.087 4.128
11.783 9.028 -11.522 17.614 1.384 0.010 9.104 4.217
11.872 8.914 -11.353 16.937 1.392 0.010 9.120 4.305
11.960 8.802 -11.190 16.262 1.400 0.010 9.135 4.391
12.047 8.692 -11.034 15.593 1.407 0.010 9.150 4.477
12.133 8.583 -10.885 14.936 1.414 0.010 9.163 4.562
12.218 8.476 -10.742 14.293 1.421 0.010 9.176 4.646
12.301 8.370 -10.605 13.668 1.428 0.010 9.188 4.728
12.384 8.265 -10.475 13.062 1.434 0.010 9.200 4.810
12.465 8.162 -10.350 12.477 1.440 0.010 9.211 4.891
12.546 8.059 -10.231 11.914 1.446 0.010 9.221 4.971
12.626 7.958 -10.117 11.373 1.452 0.010 9.231 5.050
12.704 7.858 -10.008 10.855 1.457 0.010 9.240 5.128
12.782 7.759 -9.905 10.360 1.462 0.010 9.248 5.205
12.858 7.661 -9.806 9.887 1.467 0.010 9.257 5.281
12.934 7.564 -9.712 9.436 1.472 0.010 9.264 5.357
13.009 7.468 -9.621 9.007 1.477 0.010 9.271 5.431
13.082 7.372 -9.535 8.597 1.481 0.010 9.278 5.504
13.155 7.278 -9.453 8.209 1.485 0.010 9.285 5.577
13.227 7.184 -9.375 7.840 1.489 0.010 9.291 5.648
13.298 7.091 -9.300 7.489 1.493 0.010 9.296 5.719
13.368 6.999 -9.229 7.157 1.497 0.010 9.302 5.789
13.437 6.907 -9.160 6.841 1.500 0.010 9.307 5.858
13.505 6.816 -9.095 6.542 1.504 0.010 9.311 5.926
13.572 6.726 -9.032 6.257 1.507 0.010 9.316 5.993
13.639 6.636 -8.972 5.989 1.510 0.010 9.320 6.059
13.704 6.547 -8.915 5.733 1.513 0.010 9.324 6.125
13.769 6.458 -8.860 5.492 1.516 0.010 9.327 6.189
13.833 6.370 -8.807 5.262 1.519 0.010 9.331 6.253
13.895 6.283 -8.757 5.045 1.521 0.010 9.334 6.315
13.957 6.196 -8.709 4.839 1.524 0.010 9.337 6.377
14.018 6.109 -8.662 4.643 1.526 0.010 9.340 6.438
14.079 6.023 -8.618 4.458 1.528 0.010 9.342 6.498
14.138 5.937 -8.575 4.282 1.531 0.010 9.345 6.558
14.197 5.852 -8.534 4.115 1.533 0.010 9.347 6.616
14.254 5.767 -8.494 3.957 1.535 0.010 9.349 6.674
14.311 5.682 -8.456 3.807 1.537 0.010 9.351 6.731
14.367 5.598 -8.419 3.664 1.539 0.010 9.353 6.787
14.422 5.514 -8.384 3.529 1.540 0.010 9.355 6.842
14.476 5.431 -8.350 3.400 1.542 0.010 9.356 6.896
14.530 5.347 -8.317 3.278 1.544 0.010 9.358 6.949
14.583 5.265 -8.286 3.161 1.545 0.010 9.359 7.002
14.634 5.182 -8.255 3.050 1.547 0.010 9.360 7.054
14.685 5.100 -8.226 2.945 1.548 0.010 9.362 7.105
14.736 5.018 -8.197 2.844 1.549 0.010 9.363 7.155
14.785 4.936 -8.170 2.749 1.551 0.010 9.364 7.204
14.834 4.855 -8.143 2.658 1.552 0.010 9.365 7.253
14.881 4.774 -8.117 2.570 1.553 0.010 9.366 7.301
14.928 4.693 -8.093 2.487 1.554 0.010 9.366 7.348
14.974 4.612 -8.068 2.408 1.555 0.010 9.367 7.394
15.020 4.531 -8.045 2.332 1.556 0.010 9.368 7.439
15.064 4.451 -8.023 2.259 1.557 0.010 9.369 7.483
15.108 4.371 -8.001 2.189 1.558 0.010 9.369 7.527
15.151 4.291 -7.979 2.123 1.559 0.010 9.370 7.570
15.193 4.212 -7.959 2.058 1.560 0.010 9.370 7.612
15.234 4.132 -7.939 1.997 1.560 0.010 9.371 7.654
15.275 4.053 -7.920 1.938 1.561 0.010 9.371 7.694
15.314 3.974 -7.901 1.881 1.562 0.010 9.371 7.734
15.353 3.895 -7.882 1.826 1.562 0.010 9.372 7.773
15.392 3.817 -7.865 1.773 1.563 0.010 9.372 7.811
15.429 3.738 -7.847 1.722 1.563 0.010 9.372 7.848
15.466 3.660 -7.831 1.673 1.564 0.010 9.373 7.885
15.501 3.582 -7.815 1.625 1.564 0.010 9.373 7.921
15.536 3.504 -7.799 1.579 1.565 0.010 9.373 7.956
15.571 3.426 -7.783 1.534 1.565 0.010 9.373 7.990
15.604 3.348 -7.768 1.490 1.566 0.010 9.373 8.024
15.637 3.271 -7.754 1.448 1.566 0.010 9.374 8.056
15.669 3.193 -7.740 1.407 1.566 0.010 9.374 8.088
15.700 3.116 -7.726 1.366 1.567 0.010 9.374 8.119
15.730 3.039 -7.713 1.327 1.567 0.010 9.374 8.150
15.760 2.962 -7.700 1.289 1.567 0.010 9.374 8.179
15.789 2.885 -7.688 1.251 1.568 0.010 9.374 8.208
15.817 2.808 -7.675 1.214 1.568 0.010 9.374 8.236
15.844 2.732 -7.664 1.178 1.568 0.010 9.374 8.264
15.871 2.655 -7.652 1.142 1.568 0.010 9.374 8.290
15.897 2.579 -7.641 1.107 1.568 0.010 9.374 8.316
15.922 2.503 -7.630 1.073 1.569 0.010 9.374 8.341
15.946 2.426 -7.620 1.039 1.569 0.010 9.375 8.365
15.969 2.350 -7.610 1.006 1.569 0.010 9.375 8.389
15.992 2.274 -7.600 0.972 1.569 0.010 9.375 8.411
16.014 2.198 -7.591 0.940 1.569 0.010 9.375 8.433
16.035 2.122 -7.582 0.907 1.569 0.010 9.375 8.455
16.056 2.047 -7.573 0.875 1.569 0.010 9.375 8.475
16.076 1.971 -7.565 0.843 1.569 0.010 9.375 8.495
16.094 1.896 -7.557 0.811 1.570 0.010 9.375 8.514
16.113 1.820 -7.549 0.780 1.570 0.010 9.375 8.532
16.130 1.745 -7.541 0.748 1.570 0.010 9.375 8.549
16.147 1.669 -7.534 0.717 1.570 0.010 9.375 8.566
16.163 1.594 -7.527 0.686 1.570 0.010 9.375 8.582
16.178 1.519 -7.521 0.655 1.570 0.010 9.375 8.597
16.192 1.444 -7.514 0.624 1.570 0.010 9.375 8.612
16.206 1.369 -7.509 0.593 1.570 0.010 9.375 8.625
16.219 1.294 -7.503 0.562 1.570 0.010 9.375 8.638
16.231 1.219 -7.498 0.532 1.570 0.010 9.375 8.650
16.243 1.144 -7.493 0.501 1.570 0.010 9.375 8.662
16.253 1.069 -7.488 0.470 1.570 0.010 9.375 8.673
16.263 0.994 -7.483 0.439 1.570 0.010 9.375 8.683
16.272 0.919 -7.479 0.409 1.570 0.010 9.375 8.692
16.281 0.844 -7.476 0.378 1.570 0.010 9.375 8.700
16.289 0.770 -7.472 0.347 1.570 0.010 9.375 8.708
16.296 0.695 -7.469 0.317 1.570 0.010 9.375 8.715
16.302 0.620 -7.466 0.286 1.570 0.010 9.375 8.721
16.307 0.546 -7.464 0.255 1.570 0.010 9.375 8.727
16.312 0.472 -7.409 5.450 1.570 0.010 9.375 8.731
16.316 0.401 -7.068 34.092 1.570 0.010 9.375 8.735
16.319 0.336 -6.493 57.502 1.570 0.010 9.375 8.739
16.322 0.277 -5.918 57.463 1.570 0.010 9.375 8.741
16.324 0.223 -5.344 57.430 1.570 0.010 9.375 8.744
16.326 0.176 -4.770 57.404 1.570 0.010 9.375 8.745
16.327 0.134 -4.196 57.383 1.570 0.010 9.375 8.747
16.328 0.097 -3.623 57.366 1.570 0.010 9.375 8.748
16.329 0.067 -3.049 57.354 1.570 0.010 9.375 8.748
16.329 0.042 -2.476 57.346 1.570 0.010 9.375 8.749
16.330 0.023 -1.902 57.340 1.570 0.010 9.375 8.749
16.330 0.010 -1.329 57.336 1.570 0.010 9.375 8.749
16.330 0.002 -0.756 57.335 1.570 0.010 9.375 8.749
16.330 0.000 -0.234 52.110 1.570 0.010 9.375 8.749
