Balls_Red_Far
299
0.000 0.006 0.574 57.405 6.283 0.010 0.000 1.125
0.000 0.011 0.574 0.000 6.283 0.010 0.000 1.125
0.000 0.026 1.435 86.109 6.283 0.010 0.000 1.125
0.001 0.046 2.009 57.409 6.283 0.010 0.001 1.125
0.002 0.072 2.583 57.414 6.283 0.010 0.002 1.125
0.003 0.103 3.158 57.422 6.283 0.010 0.003 1.125
0.004 0.141 3.732 57.433 6.283 0.010 0.004 1.125
0.006 0.184 4.306 57.449 6.283 0.010 0.006 1.125
0.008 0.233 4.881 57.471 6.283 0.010 0.008 1.125
0.011 0.287 5.456 57.499 6.283 0.010 0.011 1.125
0.015 0.347 6.031 57.533 6.283 0.010 0.015 1.125
0.019 0.413 6.607 57.575 6.283 0.010 0.019 1.125
0.024 0.485 7.183 57.625 6.283 0.010 0.024 1.125
0.029 0.560 7.473 28.963 6.283 0.010 0.029 1.125
0.035 0.635 7.476 0.289 6.283 0.010 0.035 1.125
0.043 0.710 7.479 0.327 6.283 0.010 0.043 1.125
0.050 0.784 7.483 0.364 6.283 0.010 0.050 1.125
0.059 0.859 7.487 0.402 6.283 0.010 0.059 1.125
0.068 0.934 7.491 0.440 6.283 0.010 0.068 1.125
0.078 1.009 7.496 0.477 6.283 0.010 0.078 1.125
0.089 1.084 7.501 0.514 6.283 0.010 0.089 1.125
0.101 1.159 7.507 0.551 6.283 0.010 0.101 1.125
0.113 1.234 7.513 0.588 6.283 0.010 0.113 1.125
0.126 1.310 7.519 0.624 6.283 0.010 0.126 1.125
0.140 1.385 7.525 0.661 6.283 0.010 0.140 1.125
0.155 1.460 7.532 0.697 6.283 0.010 0.155 1.125
0.170 1.536 7.540 0.733 6.283 0.010 0.170 1.125
0.186 1.611 7.547 0.768 6.283 0.010 0.186 1.125
0.203 1.687 7.555 0.804 6.283 0.010 0.203 1.125
0.221 1.762 7.564 0.839 6.283 0.010 0.221 1.125
0.239 1.838 7.573 0.875 6.283 0.010 0.239 1.125
0.258 1.914 7.582 0.910 6.283 0.010 0.258 1.125
0.278 1.990 7.591 0.945 6.282 0.010 0.278 1.125
0.299 2.066 7.601 0.979 6.282 0.010 0.299 1.125
0.320 2.142 7.611 1.014 6.282 0.010 0.320 1.125
0.342 2.218 7.622 1.049 6.282 0.010 0.342 1.125
0.365 2.294 7.632 1.084 6.282 0.010 0.365 1.125
0.389 2.371 7.644 1.118 6.282 0.010 0.389 1.125
0.413 2.447 7.655 1.153 6.281 0.010 0.413 1.125
0.439 2.524 7.667 1.188 6.281 0.010 0.439 1.125
0.465 2.601 7.679 1.223 6.281 0.010 0.465 1.125
0.492 2.678 7.692 1.258 6.281 0.010 0.492 1.125
0.519 2.755 7.705 1.294 6.280 0.010 0.519 1.125
0.547 2.832 7.718 1.330 6.280 0.010 0.547 1.124
0.576 2.909 7.732 1.366 6.280 0.010 0.576 1.124
0.606 2.987 7.746 1.403 6.280 0.010 0.606 1.124
0.637 3.064 7.760 1.440 6.279 0.010 0.637 1.124
0.668 3.142 7.775 1.478 6.279 0.010 0.668 1.124
0.701 3.220 7.790 1.516 6.278 0.010 0.701 1.124
0.734 3.298 7.806 1.556 6.278 0.010 0.734 1.124
0.767 3.376 7.822 1.596 6.277 0.010 0.767 1.124
0.802 3.455 7.838 1.637 6.277 0.010 0.802 1.123
0.837 3.533 7.855 1.679 6.276 0.010 0.837 1.123
0.873 3.612 7.872 1.722 6.276 0.010 0.873 1.123
0.910 3.691 7.890 1.767 6.275 0.010 0.910 1.123
0.948 3.770 7.908 1.813 6.274 0.010 0.948 1.122
0.986 3.849 7.926 1.860 6.274 0.010 0.986 1.122
1.026 3.929 7.945 1.909 6.273 0.010 1.026 1.121
1.066 4.008 7.965 1.960 6.272 0.010 1.066 1.121
1.107 4.088 7.985 2.012 6.271 0.010 1.107 1.121
1.148 4.168 8.006 2.067 6.270 0.010 1.148 1.120
1.191 4.248 8.027 2.124 6.269 0.010 1.191 1.119
1.234 4.329 8.049 2.182 6.268 0.010 1.234 1.119
1.278 4.410 8.071 2.244 6.267 0.010 1.278 1.118
1.323 4.491 8.094 2.308 6.266 0.010 1.323 1.117
1.369 4.572 8.118 2.375 6.265 0.010 1.369 1.117
1.415 4.653 8.143 2.445 6.264 0.010 1.415 1.116
1.463 4.735 8.168 2.518 6.263 0.010 1.463 1.115
1.511 4.817 8.194 2.595 6.261 0.010 1.511 1.114
1.560 4.899 8.220 2.675 6.260 0.010 1.560 1.113
1.610 4.981 8.248 2.759 6.258 0.010 1.610 1.111
1.660 5.064 8.277 2.847 6.257 0.010 1.660 1.110
1.712 5.147 8.306 2.940 6.255 0.010 1.712 1.109
1.764 5.231 8.336 3.036 6.253 0.010 1.764 1.107
1.817 5.314 8.368 3.139 6.252 0.010 1.817 1.106
1.871 5.398 8.400 3.246 6.250 0.010 1.871 1.104
1.926 5.483 8.434 3.358 6.248 0.010 1.926 1.102
1.982 5.567 8.469 3.477 6.246 0.010 1.981 1.100
2.038 5.652 8.505 3.602 6.244 0.010 2.038 1.098
2.096 5.738 8.542 3.733 6.241 0.010 2.095 1.095
2.154 5.824 8.581 3.871 6.239 0.010 2.153 1.093
2.213 5.910 8.621 4.016 6.236 0.010 2.213 1.090
2.273 5.996 8.662 4.169 6.234 0.010 2.272 1.087
2.334 6.083 8.706 4.331 6.231 0.010 2.333 1.084
2.396 6.171 8.751 4.499 6.228 0.010 2.395 1.081
2.458 6.259 8.798 4.679 6.226 0.010 2.457 1.078
2.522 6.347 8.846 4.866 6.223 0.010 2.521 1.074
2.586 6.436 8.897 5.064 6.219 0.010 2.585 1.070
2.651 6.526 8.950 5.273 6.216 0.010 2.650 1.065
2.717 6.616 9.004 5.491 6.213 0.010 2.716 1.061
2.784 6.707 9.062 5.722 6.209 0.010 2.783 1.056
2.852 6.798 9.121 5.964 6.205 0.010 2.851 1.051
2.921 6.890 9.184 6.220 6.202 0.010 2.919 1.045
2.991 6.982 9.248 6.488 6.198 0.010 2.989 1.040
3.062 7.075 9.316 6.769 6.193 0.010 3.059 1.033
3.134 7.169 9.387 7.066 6.189 0.010 3.131 1.027
3.206 7.264 9.461 7.376 6.184 0.010 3.203 1.020
3.280 7.359 9.538 7.701 6.180 0.010 3.276 1.012
3.354 7.455 9.618 8.043 6.175 0.010 3.350 1.005
3.430 7.552 9.702 8.400 6.170 0.010 3.426 0.996
3.506 7.650 9.790 8.773 6.164 0.010 3.501 0.987
3.584 7.749 9.881 9.164 6.159 0.010 3.578 0.978
3.662 7.849 9.977 9.570 6.153 0.010 3.656 0.968
3.742 7.950 10.077 9.994 6.147 0.010 3.735 0.957
3.822 8.051 10.181 10.432 6.141 0.010 3.815 0.946
3.904 8.154 10.290 10.889 6.134 0.010 3.895 0.934
3.986 8.258 10.404 11.358 6.128 0.010 3.977 0.922
4.070 8.364 10.522 11.843 6.121 0.010 4.060 0.909
4.155 8.470 10.646 12.341 6.113 0.010 4.143 0.895
4.241 8.578 10.774 12.848 6.106 0.010 4.228 0.880
4.327 8.687 10.908 13.365 6.098 0.010 4.313 0.864
4.415 8.797 11.047 13.886 6.090 0.010 4.400 0.848
4.505 8.909 11.191 14.409 6.081 0.010 4.487 0.830
4.595 9.023 11.340 14.929 6.072 0.010 4.575 0.812
4.686 9.138 11.494 15.440 6.063 0.010 4.664 0.792
4.779 9.254 11.654 15.934 6.053 0.010 4.755 0.771
4.872 9.372 11.818 16.405 6.043 0.010 4.846 0.750
4.967 9.492 11.986 16.841 6.033 0.010 4.938 0.727
5.063 9.614 12.159 17.232 6.022 0.010 5.031 0.702
5.161 9.737 12.334 17.564 6.011 0.010 5.125 0.677
5.259 9.862 12.512 17.822 5.999 0.010 5.220 0.650
5.359 9.989 12.692 17.987 5.987 0.010 5.315 0.621
5.460 10.118 12.873 18.041 5.974 0.010 5.412 0.591
5.563 10.248 13.052 17.960 5.961 0.010 5.509 0.559
5.667 10.381 13.229 17.720 5.948 0.010 5.608 0.526
5.772 10.515 13.402 17.291 5.933 0.010 5.707 0.490
5.878 10.650 13.569 16.646 5.919 0.010 5.806 0.453
5.986 10.788 13.726 15.750 5.903 0.010 5.907 0.414
6.096 10.926 13.872 14.570 5.887 0.010 6.008 0.372
6.206 11.066 14.003 13.071 5.871 0.010 6.110 0.329
6.318 11.207 14.115 11.221 5.854 0.010 6.212 0.283
6.432 11.350 14.205 8.983 5.836 0.010 6.315 0.235
6.547 11.492 14.268 6.330 5.818 0.010 6.418 0.184
6.663 11.635 14.300 3.236 5.799 0.010 6.522 0.131
6.781 11.775 13.944 -35.644 5.780 0.010 6.625 0.076
6.900 11.907 13.187 -75.734 5.760 0.010 6.729 0.017
7.020 12.030 12.373 -81.321 5.739 0.010 6.833 -0.044
7.142 12.145 11.502 -87.193 5.718 0.010 6.936 -0.108
7.264 12.251 10.569 -93.249 5.696 0.010 7.039 -0.175
7.388 12.347 9.575 -99.373 5.674 0.010 7.141 -0.244
7.512 12.432 8.521 -105.425 5.652 0.010 7.242 -0.317
7.637 12.506 7.409 -111.253 5.629 0.010 7.342 -0.392
7.763 12.568 6.242 -116.693 5.606 0.010 7.441 -0.469
7.889 12.619 5.026 -121.583 5.582 0.010 7.538 -0.549
8.015 12.656 3.768 -125.763 5.558 0.010 7.634 -0.632
8.142 12.681 2.477 -129.091 5.534 0.010 7.728 -0.717
8.269 12.693 1.163 -131.450 5.511 0.010 7.820 -0.805
8.396 12.695 0.200 -96.320 5.487 0.010 7.910 -0.895
8.523 12.691 -0.402 -60.186 5.463 0.010 7.997 -0.986
8.650 12.681 -0.999 -59.670 5.439 0.010 8.083 -1.080
8.776 12.665 -1.583 -58.398 5.415 0.010 8.166 -1.176
8.903 12.643 -2.183 -59.969 5.392 0.010 8.246 -1.273
9.029 12.612 -3.117 -93.466 5.368 0.010 8.324 -1.372
9.155 12.568 -4.341 -122.347 5.345 0.010 8.400 -1.473
9.280 12.513 -5.518 -117.680 5.323 0.010 8.473 -1.575
9.404 12.447 -6.642 -112.424 5.301 0.010 8.543 -1.677
9.528 12.370 -7.709 -106.739 5.279 0.010 8.610 -1.781
9.651 12.283 -8.717 -100.788 5.258 0.010 8.675 -1.885
9.773 12.186 -9.664 -94.723 5.237 0.010 8.737 -1.990
9.894 12.080 -10.551 -88.687 5.217 0.010 8.797 -2.095
10.013 11.967 -11.379 -82.802 5.197 0.010 8.853 -2.201
10.132 11.845 -12.151 -77.170 5.178 0.010 8.908 -2.306
10.249 11.716 -12.870 -71.873 5.160 0.010 8.959 -2.411
10.365 11.581 -13.539 -66.970 5.142 0.010 9.009 -2.516
10.479 11.440 -14.131 -59.119 5.125 0.010 9.055 -2.620
10.592 11.296 -14.339 -20.877 5.108 0.010 9.100 -2.724
10.704 11.154 -14.212 12.755 5.092 0.010 9.142 -2.828
10.814 11.014 -14.066 14.604 5.077 0.010 9.182 -2.930
10.922 10.875 -13.905 16.080 5.062 0.010 9.220 -3.032
11.030 10.737 -13.733 17.220 5.048 0.010 9.256 -3.133
11.136 10.602 -13.552 18.063 5.034 0.010 9.290 -3.233
11.240 10.468 -13.366 18.646 5.021 0.010 9.323 -3.333
11.344 10.336 -13.176 19.006 5.008 0.010 9.353 -3.432
11.446 10.206 -12.984 19.173 4.996 0.010 9.383 -3.530
11.547 10.079 -12.792 19.179 4.984 0.010 9.410 -3.626
11.646 9.953 -12.602 19.049 4.973 0.010 9.436 -3.722
11.744 9.828 -12.414 18.809 4.962 0.010 9.461 -3.818
11.842 9.706 -12.229 18.479 4.952 0.010 9.485 -3.912
11.937 9.586 -12.048 18.077 4.942 0.010 9.507 -4.005
12.032 9.467 -11.872 17.620 4.932 0.010 9.528 -4.097
12.126 9.350 -11.701 17.121 4.923 0.010 9.548 -4.189
12.218 9.235 -11.535 16.592 4.914 0.010 9.567 -4.279
12.309 9.121 -11.374 16.041 4.906 0.010 9.585 -4.368
12.399 9.009 -11.219 15.479 4.898 0.010 9.602 -4.457
12.488 8.898 -11.070 14.912 4.890 0.010 9.618 -4.544
12.576 8.789 -10.927 14.344 4.882 0.010 9.633 -4.631
12.663 8.681 -10.789 13.781 4.875 0.010 9.648 -4.717
12.749 8.574 -10.657 13.228 4.868 0.010 9.661 -4.801
12.833 8.469 -10.530 12.685 4.861 0.010 9.674 -4.885
12.917 8.365 -10.408 12.155 4.855 0.010 9.686 -4.968
13.000 8.262 -10.292 11.642 4.849 0.010 9.698 -5.050
13.081 8.160 -10.181 11.144 4.843 0.010 9.708 -5.130
13.162 8.059 -10.074 10.665 4.837 0.010 9.719 -5.210
13.241 7.960 -9.972 10.203 4.832 0.010 9.728 -5.289
13.320 7.861 -9.874 9.759 4.826 0.010 9.738 -5.367
13.398 7.763 -9.781 9.334 4.821 0.010 9.746 -5.445
13.474 7.666 -9.692 8.927 4.816 0.010 9.754 -5.521
13.550 7.570 -9.606 8.538 4.812 0.010 9.762 -5.596
13.625 7.475 -9.525 8.166 4.807 0.010 9.769 -5.670
13.699 7.380 -9.447 7.812 4.803 0.010 9.776 -5.744
13.771 7.287 -9.372 7.474 4.799 0.010 9.783 -5.817
13.843 7.194 -9.300 7.152 4.795 0.010 9.789 -5.888
13.914 7.101 -9.232 6.846 4.791 0.010 9.794 -5.959
13.984 7.010 -9.166 6.555 4.787 0.010 9.800 -6.029
14.054 6.919 -9.103 6.278 4.784 0.010 9.805 -6.098
14.122 6.828 -9.043 6.015 4.781 0.010 9.810 -6.166
14.189 6.738 -8.986 5.765 4.777 0.010 9.814 -6.233
14.256 6.649 -8.930 5.527 4.774 0.010 9.818 -6.300
14.321 6.560 -8.877 5.302 4.771 0.010 9.822 -6.365
14.386 6.472 -8.827 5.087 4.768 0.010 9.826 -6.430
14.450 6.384 -8.778 4.884 4.766 0.010 9.829 -6.493
14.513 6.297 -8.731 4.690 4.763 0.010 9.833 -6.556
14.575 6.210 -8.686 4.507 4.760 0.010 9.836 -6.618
14.636 6.124 -8.642 4.333 4.758 0.010 9.839 -6.680
14.697 6.038 -8.601 4.168 4.756 0.010 9.841 -6.740
14.756 5.952 -8.561 4.010 4.753 0.010 9.844 -6.799
14.815 5.867 -8.522 3.861 4.751 0.010 9.846 -6.858
14.873 5.782 -8.485 3.719 4.749 0.010 9.848 -6.916
14.930 5.697 -8.449 3.584 4.747 0.010 9.850 -6.973
14.986 5.613 -8.414 3.456 4.745 0.010 9.852 -7.029
15.041 5.530 -8.381 3.334 4.744 0.010 9.854 -7.084
15.096 5.446 -8.349 3.218 4.742 0.010 9.856 -7.138
15.149 5.363 -8.318 3.108 4.740 0.010 9.857 -7.192
15.202 5.280 -8.288 3.003 4.739 0.010 9.859 -7.245
15.254 5.197 -8.259 2.903 4.737 0.010 9.860 -7.297
15.305 5.115 -8.231 2.808 4.736 0.010 9.861 -7.348
15.355 5.033 -8.203 2.717 4.734 0.010 9.862 -7.398
15.405 4.951 -8.177 2.630 4.733 0.010 9.863 -7.448
15.454 4.870 -8.152 2.548 4.732 0.010 9.864 -7.496
15.501 4.788 -8.127 2.469 4.731 0.010 9.865 -7.544
15.549 4.707 -8.103 2.393 4.730 0.010 9.866 -7.591
15.595 4.627 -8.080 2.321 4.729 0.010 9.867 -7.638
15.640 4.546 -8.057 2.252 4.728 0.010 9.868 -7.683
15.685 4.466 -8.035 2.186 4.727 0.010 9.868 -7.728
15.729 4.386 -8.014 2.123 4.726 0.010 9.869 -7.772
15.772 4.306 -7.994 2.062 4.725 0.010 9.869 -7.815
15.814 4.226 -7.974 2.004 4.724 0.010 9.870 -7.857
15.856 4.146 -7.954 1.948 4.723 0.010 9.870 -7.898
15.896 4.067 -7.935 1.894 4.723 0.010 9.871 -7.939
15.936 3.988 -7.917 1.842 4.722 0.010 9.871 -7.979
15.975 3.909 -7.899 1.792 4.721 0.010 9.872 -8.018
16.014 3.830 -7.881 1.744 4.721 0.010 9.872 -8.056
16.051 3.751 -7.864 1.697 4.720 0.010 9.872 -8.094
16.088 3.673 -7.848 1.652 4.720 0.010 9.872 -8.131
16.124 3.595 -7.832 1.608 4.719 0.010 9.873 -8.166
16.159 3.516 -7.816 1.566 4.719 0.010 9.873 -8.202
16.193 3.438 -7.801 1.524 4.718 0.010 9.873 -8.236
16.227 3.361 -7.786 1.484 4.718 0.010 9.873 -8.270
16.260 3.283 -7.772 1.445 4.717 0.010 9.873 -8.302
16.292 3.205 -7.758 1.407 4.717 0.010 9.874 -8.335
16.323 3.128 -7.744 1.369 4.717 0.010 9.874 -8.366
16.354 3.051 -7.731 1.333 4.716 0.010 9.874 -8.396
16.383 2.973 -7.718 1.297 4.716 0.010 9.874 -8.426
16.412 2.896 -7.705 1.262 4.716 0.010 9.874 -8.455
16.440 2.819 -7.693 1.227 4.715 0.010 9.874 -8.483
16.468 2.743 -7.681 1.193 4.715 0.010 9.874 -8.511
16.495 2.666 -7.669 1.159 4.715 0.010 9.874 -8.537
16.520 2.589 -7.658 1.126 4.715 0.010 9.874 -8.563
16.546 2.513 -7.647 1.093 4.715 0.010 9.874 -8.588
16.570 2.436 -7.636 1.061 4.714 0.010 9.875 -8.613
16.593 2.360 -7.626 1.029 4.714 0.010 9.875 -8.636
16.616 2.284 -7.616 0.997 4.714 0.010 9.875 -8.659
16.638 2.208 -7.606 0.965 4.714 0.010 9.875 -8.681
16.660 2.132 -7.597 0.933 4.714 0.010 9.875 -8.703
16.680 2.056 -7.588 0.902 4.714 0.010 9.875 -8.723
16.700 1.980 -7.579 0.870 4.714 0.010 9.875 -8.743
16.719 1.905 -7.571 0.839 4.714 0.010 9.875 -8.762
16.737 1.829 -7.563 0.808 4.714 0.010 9.875 -8.780
16.755 1.753 -7.555 0.777 4.714 0.010 9.875 -8.798
16.772 1.678 -7.548 0.745 4.713 0.010 9.875 -8.815
16.788 1.603 -7.541 0.714 4.713 0.010 9.875 -8.831
16.803 1.527 -7.534 0.683 4.713 0.010 9.875 -8.846
16.818 1.452 -7.527 0.652 4.713 0.010 9.875 -8.860
16.831 1.377 -7.521 0.620 4.713 0.010 9.875 -8.874
16.844 1.302 -7.515 0.589 4.713 0.010 9.875 -8.887
16.857 1.227 -7.510 0.558 4.713 0.010 9.875 -8.899
16.868 1.151 -7.504 0.526 4.713 0.010 9.875 -8.911
16.879 1.076 -7.499 0.495 4.713 0.010 9.875 -8.922
16.889 1.002 -7.495 0.463 4.713 0.010 9.875 -8.932
16.898 0.927 -7.490 0.431 4.713 0.010 9.875 -8.941
16.907 0.852 -7.486 0.400 4.713 0.010 9.875 -8.949
16.914 0.777 -7.483 0.368 4.713 0.010 9.875 -8.957
16.921 0.702 -7.479 0.336 4.713 0.010 9.875 -8.964
16.928 0.627 -7.476 0.304 4.713 0.010 9.875 -8.971
16.933 0.553 -7.474 0.272 4.713 0.010 9.875 -8.976
16.938 0.478 -7.443 3.057 4.713 0.010 9.875 -8.981
16.942 0.407 -7.126 31.734 4.713 0.010 9.875 -8.985
16.946 0.341 -6.550 57.586 4.713 0.010 9.875 -8.988
16.948 0.282 -5.974 57.544 4.713 0.010 9.875 -8.991
16.951 0.228 -5.399 57.510 4.713 0.010 9.875 -8.993
16.952 0.179 -4.824 57.481 4.713 0.010 9.875 -8.995
16.954 0.137 -4.250 57.459 4.713 0.010 9.875 -8.997
16.955 0.100 -3.675 57.441 4.713 0.010 9.875 -8.998
16.956 0.069 -3.101 57.428 4.713 0.010 9.875 -8.998
16.956 0.044 -2.527 57.418 4.713 0.010 9.875 -8.999
16.956 0.024 -1.953 57.412 4.713 0.010 9.875 -8.999
16.956 0.011 -1.379 57.408 4.713 0.010 9.875 -8.999
16.956 0.003 -0.805 57.406 4.713 0.010 9.875 -8.999
16.956 0.000 -0.259 54.589 4.713 0.010 9.875 -8.999
0.000 0.006 0.574 57.405 6.283 0.010 0.000 -1.125
0.000 0.011 0.574 -0.000 6.283 0.010 0.000 -1.125
0.000 0.026 1.435 86.107 6.283 0.010 0.000 -1.125
0.001 0.046 2.009 57.402 6.283 0.010 0.001 -1.125
0.002 0.072 2.583 57.397 6.283 0.010 0.002 -1.125
0.003 0.103 3.157 57.389 6.283 0.010 0.003 -1.125
0.004 0.141 3.731 57.377 6.283 0.010 0.004 -1.125
0.006 0.184 4.304 57.361 6.283 0.010 0.006 -1.125
0.008 0.232 4.878 57.340 6.283 0.010 0.008 -1.125
0.011 0.287 5.451 57.312 6.283 0.010 0.011 -1.125
0.015 0.347 6.024 57.278 6.283 0.010 0.015 -1.125
0.019 0.413 6.596 57.236 6.283 0.010 0.019 -1.125
0.024 0.485 7.168 57.185 6.283 0.010 0.024 -1.125
0.029 0.559 7.452 28.443 6.283 0.010 0.029 -1.125
0.035 0.634 7.449 -0.289 6.283 0.010 0.035 -1.125
0.043 0.708 7.446 -0.327 6.283 0.010 0.043 -1.125
0.050 0.783 7.443 -0.364 6.283 0.010 0.050 -1.125
0.059 0.857 7.438 -0.402 6.283 0.010 0.059 -1.125
0.068 0.931 7.434 -0.440 6.283 0.010 0.068 -1.125
0.078 1.006 7.429 -0.477 6.283 0.010 0.078 -1.125
0.089 1.080 7.424 -0.514 6.283 0.010 0.089 -1.125
0.101 1.154 7.419 -0.551 6.283 0.010 0.101 -1.125
0.113 1.228 7.413 -0.588 6.283 0.010 0.113 -1.125
0.126 1.302 7.407 -0.624 6.283 0.010 0.126 -1.125
0.140 1.376 7.400 -0.661 6.283 0.010 0.140 -1.125
0.154 1.450 7.393 -0.697 6.283 0.010 0.154 -1.125
0.169 1.524 7.386 -0.733 6.283 0.010 0.169 -1.125
0.185 1.598 7.378 -0.768 6.283 0.010 0.185 -1.125
0.202 1.672 7.370 -0.804 6.283 0.010 0.202 -1.125
0.220 1.745 7.362 -0.839 6.283 0.010 0.220 -1.125
0.238 1.819 7.353 -0.875 6.283 0.010 0.238 -1.125
0.257 1.892 7.344 -0.910 6.283 0.010 0.257 -1.125
0.276 1.966 7.334 -0.944 6.282 0.010 0.276 -1.125
0.297 2.039 7.324 -0.979 6.282 0.010 0.297 -1.125
0.318 2.112 7.314 -1.014 6.282 0.010 0.318 -1.125
0.340 2.185 7.304 -1.049 6.282 0.010 0.340 -1.125
0.362 2.258 7.293 -1.083 6.282 0.010 0.362 -1.125
0.386 2.331 7.282 -1.118 6.282 0.010 0.386 -1.125
0.410 2.403 7.270 -1.153 6.281 0.010 0.410 -1.125
0.434 2.476 7.258 -1.188 6.281 0.010 0.434 -1.125
0.460 2.548 7.246 -1.223 6.281 0.010 0.460 -1.125
0.486 2.621 7.234 -1.258 6.281 0.010 0.486 -1.125
0.513 2.693 7.221 -1.294 6.280 0.010 0.513 -1.125
0.541 2.765 7.207 -1.330 6.280 0.010 0.541 -1.126
0.569 2.837 7.194 -1.366 6.280 0.010 0.569 -1.126
0.598 2.909 7.180 -1.403 6.280 0.010 0.598 -1.126
0.628 2.980 7.165 -1.440 6.279 0.010 0.628 -1.126
0.658 3.052 7.150 -1.478 6.279 0.010 0.658 -1.126
0.690 3.123 7.135 -1.517 6.278 0.010 0.690 -1.126
0.722 3.195 7.120 -1.556 6.278 0.010 0.722 -1.126
0.754 3.266 7.104 -1.596 6.277 0.010 0.754 -1.126
0.788 3.336 7.087 -1.637 6.277 0.010 0.788 -1.127
0.822 3.407 7.071 -1.679 6.276 0.010 0.822 -1.127
0.857 3.478 7.053 -1.722 6.276 0.010 0.856 -1.127
0.892 3.548 7.036 -1.767 6.275 0.010 0.892 -1.127
0.928 3.618 7.018 -1.813 6.274 0.010 0.928 -1.128
0.965 3.688 6.999 -1.860 6.274 0.010 0.965 -1.128
1.003 3.758 6.980 -1.909 6.273 0.010 1.003 -1.128
1.041 3.828 6.960 -1.960 6.272 0.010 1.041 -1.129
1.080 3.897 6.940 -2.012 6.271 0.010 1.080 -1.129
1.120 3.966 6.920 -2.067 6.270 0.010 1.120 -1.130
1.160 4.035 6.898 -2.123 6.269 0.010 1.160 -1.130
1.201 4.104 6.876 -2.182 6.268 0.010 1.201 -1.131
1.243 4.173 6.854 -2.244 6.267 0.010 1.243 -1.132
1.285 4.241 6.831 -2.308 6.266 0.010 1.285 -1.132
1.328 4.309 6.807 -2.375 6.265 0.010 1.328 -1.133
1.372 4.377 6.783 -2.445 6.264 0.010 1.372 -1.134
1.416 4.444 6.758 -2.518 6.263 0.010 1.416 -1.135
1.461 4.512 6.732 -2.595 6.261 0.010 1.461 -1.136
1.507 4.579 6.705 -2.675 6.260 0.010 1.507 -1.137
1.554 4.645 6.677 -2.759 6.258 0.010 1.554 -1.138
1.601 4.712 6.649 -2.847 6.257 0.010 1.601 -1.139
1.649 4.778 6.619 -2.939 6.255 0.010 1.648 -1.140
1.697 4.844 6.589 -3.037 6.253 0.010 1.697 -1.142
1.746 4.910 6.558 -3.139 6.252 0.010 1.746 -1.143
1.796 4.975 6.525 -3.246 6.250 0.010 1.796 -1.145
1.846 5.040 6.492 -3.359 6.248 0.010 1.846 -1.147
1.897 5.104 6.457 -3.477 6.246 0.010 1.897 -1.148
1.949 5.169 6.421 -3.602 6.244 0.010 1.949 -1.150
2.001 5.232 6.383 -3.733 6.241 0.010 2.001 -1.153
2.054 5.296 6.345 -3.871 6.239 0.010 2.054 -1.155
2.108 5.359 6.305 -4.017 6.236 0.010 2.107 -1.157
2.162 5.421 6.263 -4.170 6.234 0.010 2.162 -1.160
2.217 5.484 6.220 -4.330 6.231 0.010 2.216 -1.163
2.272 5.545 6.175 -4.500 6.228 0.010 2.272 -1.166
2.328 5.607 6.128 -4.678 6.226 0.010 2.328 -1.169
2.385 5.667 6.079 -4.866 6.223 0.010 2.384 -1.172
2.442 5.728 6.029 -5.065 6.219 0.010 2.441 -1.176
2.500 5.788 5.976 -5.272 6.216 0.010 2.499 -1.179
2.559 5.847 5.921 -5.492 6.213 0.010 2.558 -1.183
2.618 5.905 5.864 -5.722 6.209 0.010 2.616 -1.188
2.677 5.963 5.804 -5.965 6.205 0.010 2.676 -1.192
2.738 6.021 5.742 -6.220 6.202 0.010 2.736 -1.197
2.798 6.078 5.677 -6.488 6.198 0.010 2.796 -1.202
2.860 6.134 5.609 -6.770 6.193 0.010 2.858 -1.208
2.922 6.189 5.539 -7.066 6.189 0.010 2.919 -1.213
2.984 6.244 5.465 -7.377 6.184 0.010 2.981 -1.219
3.047 6.298 5.388 -7.703 6.180 0.010 3.044 -1.226
3.111 6.351 5.307 -8.044 6.175 0.010 3.107 -1.232
3.175 6.403 5.223 -8.401 6.170 0.010 3.171 -1.239
3.239 6.454 5.136 -8.775 6.164 0.010 3.235 -1.247
3.304 6.505 5.044 -9.165 6.159 0.010 3.299 -1.255
3.370 6.554 4.948 -9.572 6.153 0.010 3.364 -1.263
3.436 6.603 4.848 -9.995 6.147 0.010 3.430 -1.272
3.502 6.650 4.744 -10.435 6.141 0.010 3.496 -1.281
3.569 6.696 4.635 -10.890 6.134 0.010 3.562 -1.291
3.637 6.742 4.521 -11.361 6.128 0.010 3.629 -1.301
3.705 6.786 4.403 -11.845 6.121 0.010 3.696 -1.312
3.773 6.828 4.279 -12.343 6.113 0.010 3.763 -1.323
3.842 6.870 4.151 -12.852 6.106 0.010 3.831 -1.335
3.911 6.910 4.017 -13.368 6.098 0.010 3.899 -1.347
3.980 6.949 3.878 -13.890 6.090 0.010 3.967 -1.360
4.050 6.986 3.734 -14.413 6.081 0.010 4.035 -1.374
4.120 7.022 3.585 -14.933 6.072 0.010 4.104 -1.388
4.191 7.056 3.430 -15.444 6.063 0.010 4.173 -1.404
4.262 7.089 3.271 -15.939 6.053 0.010 4.242 -1.419
4.333 7.120 3.107 -16.409 6.043 0.010 4.311 -1.436
4.404 7.150 2.939 -16.846 6.033 0.010 4.381 -1.453
4.476 7.177 2.766 -17.237 6.022 0.010 4.450 -1.471
4.548 7.203 2.590 -17.570 6.011 0.010 4.520 -1.490
4.620 7.227 2.412 -17.828 5.999 0.010 4.589 -1.510
4.693 7.250 2.232 -17.994 5.987 0.010 4.659 -1.531
4.766 7.270 2.052 -18.049 5.974 0.010 4.728 -1.553
4.838 7.289 1.872 -17.968 5.961 0.010 4.797 -1.575
4.912 7.306 1.695 -17.728 5.948 0.010 4.867 -1.599
4.985 7.321 1.522 -17.301 5.933 0.010 4.935 -1.623
5.058 7.335 1.355 -16.655 5.919 0.010 5.004 -1.649
5.132 7.347 1.198 -15.759 5.903 0.010 5.073 -1.676
5.205 7.357 1.052 -14.580 5.887 0.010 5.141 -1.704
5.279 7.366 0.921 -13.082 5.871 0.010 5.208 -1.733
5.353 7.374 0.809 -11.230 5.854 0.010 5.276 -1.763
5.426 7.382 0.719 -8.994 5.836 0.010 5.343 -1.794
5.500 7.388 0.655 -6.340 5.818 0.010 5.409 -1.827
5.574 7.394 0.623 -3.245 5.799 0.010 5.475 -1.860
5.648 7.398 0.405 -21.767 5.780 0.010 5.540 -1.895
5.722 7.399 0.015 -39.078 5.760 0.010 5.604 -1.932
5.796 7.395 -0.320 -33.488 5.739 0.010 5.668 -1.969
5.870 7.389 -0.597 -27.615 5.718 0.010 5.731 -2.008
5.944 7.381 -0.812 -21.555 5.696 0.010 5.793 -2.048
6.018 7.372 -0.966 -15.428 5.674 0.010 5.854 -2.090
6.091 7.361 -1.060 -9.372 5.652 0.010 5.914 -2.133
6.165 7.350 -1.095 -3.542 5.629 0.010 5.972 -2.177
6.238 7.339 -1.076 1.902 5.606 0.010 6.030 -2.222
6.311 7.329 -1.009 6.795 5.582 0.010 6.087 -2.269
6.385 7.320 -0.899 10.977 5.558 0.010 6.142 -2.317
6.458 7.313 -0.756 14.308 5.534 0.010 6.196 -2.366
6.531 7.307 -0.589 16.668 5.511 0.010 6.249 -2.416
6.604 7.305 -0.200 38.940 5.487 0.010 6.301 -2.468
6.677 7.309 0.402 60.207 5.463 0.010 6.351 -2.521
6.750 7.319 0.999 59.691 5.439 0.010 6.401 -2.575
6.823 7.335 1.584 58.419 5.415 0.010 6.449 -2.630
6.897 7.356 2.127 54.356 5.392 0.010 6.496 -2.687
6.971 7.380 2.432 30.450 5.368 0.010 6.541 -2.745
7.045 7.405 2.507 7.560 5.345 0.010 6.586 -2.804
7.119 7.431 2.536 2.890 5.323 0.010 6.629 -2.864
7.194 7.456 2.512 -2.369 5.301 0.010 6.671 -2.926
7.268 7.480 2.432 -8.057 5.279 0.010 6.712 -2.989
7.344 7.503 2.292 -14.011 5.258 0.010 6.751 -3.052
7.419 7.524 2.091 -20.079 5.237 0.010 6.790 -3.117
7.494 7.542 1.830 -26.118 5.217 0.010 6.827 -3.183
7.570 7.557 1.510 -32.006 5.197 0.010 6.863 -3.249
7.645 7.569 1.133 -37.641 5.178 0.010 6.897 -3.317
7.721 7.576 0.704 -42.940 5.160 0.010 6.931 -3.385
7.797 7.578 0.225 -47.845 5.142 0.010 6.963 -3.453
7.873 7.575 -0.275 -50.065 5.125 0.010 6.994 -3.522
7.948 7.569 -0.584 -30.905 5.108 0.010 7.024 -3.592
8.024 7.562 -0.712 -12.765 5.092 0.010 7.052 -3.662
8.100 7.554 -0.858 -14.616 5.077 0.010 7.080 -3.732
8.175 7.543 -1.019 -16.091 5.062 0.010 7.106 -3.803
8.250 7.532 -1.191 -17.230 5.048 0.010 7.131 -3.874
8.326 7.518 -1.372 -18.073 5.034 0.010 7.156 -3.945
8.401 7.502 -1.559 -18.656 5.021 0.010 7.179 -4.016
8.475 7.485 -1.749 -19.014 5.008 0.010 7.201 -4.088
8.550 7.465 -1.940 -19.181 4.996 0.010 7.223 -4.159
8.624 7.444 -2.132 -19.186 4.984 0.010 7.243 -4.231
8.699 7.421 -2.323 -19.057 4.973 0.010 7.262 -4.303
8.773 7.396 -2.511 -18.816 4.962 0.010 7.281 -4.374
8.846 7.369 -2.696 -18.485 4.952 0.010 7.299 -4.446
8.920 7.340 -2.877 -18.083 4.942 0.010 7.316 -4.517
8.993 7.309 -3.053 -17.626 4.932 0.010 7.332 -4.588
9.066 7.277 -3.224 -17.126 4.923 0.010 7.348 -4.659
9.138 7.243 -3.390 -16.595 4.914 0.010 7.363 -4.730
9.210 7.208 -3.551 -16.046 4.906 0.010 7.377 -4.801
9.282 7.171 -3.706 -15.483 4.898 0.010 7.390 -4.871
9.353 7.132 -3.855 -14.915 4.890 0.010 7.403 -4.941
9.424 7.092 -3.998 -14.347 4.882 0.010 7.416 -5.011
9.495 7.051 -4.136 -13.784 4.875 0.010 7.427 -5.081
9.565 7.008 -4.268 -13.230 4.868 0.010 7.438 -5.150
9.634 6.964 -4.395 -12.687 4.861 0.010 7.449 -5.219
9.703 6.919 -4.517 -12.158 4.855 0.010 7.459 -5.287
9.772 6.873 -4.633 -11.643 4.849 0.010 7.468 -5.355
9.840 6.825 -4.745 -11.147 4.843 0.010 7.478 -5.423
9.908 6.777 -4.851 -10.666 4.837 0.010 7.486 -5.490
9.975 6.727 -4.953 -10.205 4.832 0.010 7.494 -5.557
10.042 6.677 -5.051 -9.761 4.826 0.010 7.502 -5.623
10.109 6.625 -5.144 -9.335 4.821 0.010 7.509 -5.689
10.174 6.573 -5.234 -8.928 4.816 0.010 7.516 -5.755
10.239 6.520 -5.319 -8.539 4.812 0.010 7.523 -5.819
10.304 6.466 -5.401 -8.167 4.807 0.010 7.529 -5.884
10.368 6.411 -5.479 -7.812 4.803 0.010 7.535 -5.948
10.432 6.355 -5.554 -7.475 4.799 0.010 7.541 -6.011
10.495 6.299 -5.625 -7.153 4.795 0.010 7.546 -6.074
10.557 6.242 -5.694 -6.846 4.791 0.010 7.551 -6.136
10.619 6.185 -5.759 -6.555 4.787 0.010 7.556 -6.198
10.680 6.126 -5.822 -6.279 4.784 0.010 7.561 -6.259
10.741 6.068 -5.882 -6.015 4.781 0.010 7.565 -6.319
10.801 6.008 -5.940 -5.765 4.777 0.010 7.569 -6.379
10.861 5.948 -5.995 -5.528 4.774 0.010 7.572 -6.438
10.919 5.888 -6.048 -5.302 4.771 0.010 7.576 -6.497
10.978 5.827 -6.099 -5.088 4.768 0.010 7.579 -6.555
11.035 5.765 -6.148 -4.884 4.766 0.010 7.583 -6.613
11.092 5.703 -6.195 -4.691 4.763 0.010 7.585 -6.670
11.149 5.641 -6.240 -4.507 4.760 0.010 7.588 -6.726
11.205 5.578 -6.283 -4.333 4.758 0.010 7.591 -6.782
11.260 5.515 -6.325 -4.168 4.756 0.010 7.593 -6.837
11.314 5.451 -6.365 -4.011 4.753 0.010 7.596 -6.892
11.368 5.387 -6.403 -3.861 4.751 0.010 7.598 -6.945
11.421 5.323 -6.441 -3.719 4.749 0.010 7.600 -6.999
11.474 5.258 -6.476 -3.585 4.747 0.010 7.602 -7.051
11.526 5.193 -6.511 -3.456 4.745 0.010 7.603 -7.103
11.577 5.127 -6.544 -3.335 4.744 0.010 7.605 -7.154
11.628 5.062 -6.576 -3.218 4.742 0.010 7.607 -7.205
11.678 4.996 -6.608 -3.108 4.740 0.010 7.608 -7.255
11.727 4.929 -6.638 -3.003 4.739 0.010 7.609 -7.304
11.776 4.863 -6.667 -2.903 4.737 0.010 7.611 -7.353
11.824 4.796 -6.695 -2.808 4.736 0.010 7.612 -7.401
11.871 4.728 -6.722 -2.717 4.734 0.010 7.613 -7.448
11.917 4.661 -6.748 -2.630 4.733 0.010 7.614 -7.495
11.963 4.593 -6.774 -2.548 4.732 0.010 7.615 -7.540
12.009 4.525 -6.798 -2.469 4.731 0.010 7.616 -7.586
12.053 4.457 -6.822 -2.394 4.730 0.010 7.616 -7.630
12.097 4.389 -6.846 -2.321 4.729 0.010 7.617 -7.674
12.140 4.320 -6.868 -2.253 4.728 0.010 7.618 -7.717
12.183 4.251 -6.890 -2.186 4.727 0.010 7.618 -7.760
12.225 4.182 -6.911 -2.123 4.726 0.010 7.619 -7.802
12.266 4.113 -6.932 -2.062 4.725 0.010 7.620 -7.843
12.306 4.043 -6.952 -2.004 4.724 0.010 7.620 -7.883
12.346 3.973 -6.971 -1.948 4.723 0.010 7.621 -7.923
12.385 3.903 -6.990 -1.894 4.723 0.010 7.621 -7.962
12.423 3.833 -7.009 -1.842 4.722 0.010 7.621 -8.000
12.461 3.763 -7.027 -1.792 4.721 0.010 7.622 -8.038
12.498 3.693 -7.044 -1.744 4.721 0.010 7.622 -8.075
12.534 3.622 -7.061 -1.697 4.720 0.010 7.622 -8.111
12.570 3.551 -7.078 -1.652 4.720 0.010 7.623 -8.147
12.604 3.480 -7.094 -1.608 4.719 0.010 7.623 -8.181
12.638 3.409 -7.109 -1.566 4.719 0.010 7.623 -8.215
12.672 3.338 -7.124 -1.524 4.718 0.010 7.623 -8.249
12.704 3.267 -7.139 -1.484 4.718 0.010 7.623 -8.282
12.736 3.195 -7.154 -1.445 4.717 0.010 7.624 -8.313
12.768 3.123 -7.168 -1.407 4.717 0.010 7.624 -8.345
12.798 3.052 -7.182 -1.369 4.717 0.010 7.624 -8.375
12.828 2.980 -7.195 -1.333 4.716 0.010 7.624 -8.405
12.857 2.907 -7.208 -1.297 4.716 0.010 7.624 -8.434
12.885 2.835 -7.220 -1.262 4.716 0.010 7.624 -8.462
12.913 2.763 -7.233 -1.227 4.715 0.010 7.624 -8.490
12.940 2.691 -7.245 -1.193 4.715 0.010 7.624 -8.517
12.966 2.618 -7.256 -1.159 4.715 0.010 7.624 -8.543
12.992 2.545 -7.268 -1.126 4.715 0.010 7.624 -8.569
13.016 2.472 -7.278 -1.093 4.715 0.010 7.624 -8.593
13.040 2.400 -7.289 -1.061 4.714 0.010 7.625 -8.617
13.064 2.327 -7.299 -1.029 4.714 0.010 7.625 -8.641
13.086 2.254 -7.309 -0.997 4.714 0.010 7.625 -8.663
13.108 2.180 -7.319 -0.965 4.714 0.010 7.625 -8.685
13.129 2.107 -7.328 -0.933 4.714 0.010 7.625 -8.706
13.149 2.034 -7.337 -0.902 4.714 0.010 7.625 -8.726
13.169 1.960 -7.346 -0.870 4.714 0.010 7.625 -8.746
13.188 1.887 -7.354 -0.839 4.714 0.010 7.625 -8.765
13.206 1.813 -7.362 -0.808 4.714 0.010 7.625 -8.783
13.223 1.739 -7.370 -0.777 4.714 0.010 7.625 -8.800
13.240 1.666 -7.378 -0.745 4.713 0.010 7.625 -8.817
13.256 1.592 -7.385 -0.714 4.713 0.010 7.625 -8.833
13.271 1.518 -7.392 -0.683 4.713 0.010 7.625 -8.848
13.285 1.444 -7.398 -0.652 4.713 0.010 7.625 -8.863
13.299 1.370 -7.404 -0.620 4.713 0.010 7.625 -8.876
13.312 1.296 -7.410 -0.589 4.713 0.010 7.625 -8.889
13.324 1.222 -7.416 -0.558 4.713 0.010 7.625 -8.901
13.336 1.147 -7.421 -0.526 4.713 0.010 7.625 -8.913
13.347 1.073 -7.426 -0.495 4.713 0.010 7.625 -8.924
13.357 0.999 -7.431 -0.463 4.713 0.010 7.625 -8.934
13.366 0.924 -7.435 -0.431 4.713 0.010 7.625 -8.943
13.374 0.850 -7.439 -0.400 4.713 0.010 7.625 -8.951
13.382 0.776 -7.443 -0.368 4.713 0.010 7.625 -8.959
13.389 0.701 -7.446 -0.336 4.713 0.010 7.625 -8.966
13.395 0.627 -7.449 -0.304 4.713 0.010 7.625 -8.972
13.401 0.552 -7.452 -0.272 4.713 0.010 7.625 -8.978
13.406 0.478 -7.426 2.576 4.713 0.010 7.625 -8.983
13.410 0.407 -7.113 31.304 4.713 0.010 7.625 -8.987
13.413 0.341 -6.541 57.225 4.713 0.010 7.625 -8.990
13.416 0.282 -5.968 57.266 4.713 0.010 7.625 -8.993
13.418 0.228 -5.395 57.301 4.713 0.010 7.625 -8.995
13.420 0.179 -4.822 57.329 4.713 0.010 7.625 -8.997
13.421 0.137 -4.248 57.352 4.713 0.010 7.625 -8.998
13.422 0.100 -3.675 57.370 4.713 0.010 7.625 -8.999
13.423 0.069 -3.101 57.383 4.713 0.010 7.625 -9.000
13.423 0.044 -2.527 57.392 4.713 0.010 7.625 -9.001
13.424 0.024 -1.953 57.399 4.713 0.010 7.625 -9.001
13.424 0.011 -1.379 57.402 4.713 0.010 7.625 -9.001
13.424 0.003 -0.805 57.404 4.713 0.010 7.625 -9.001
13.424 0.000 -0.259 54.589 4.713 0.010 7.625 -9.001
