Balls_Red_Close
291
0.000 0.006 0.579 57.914 6.283 0.010 0.000 1.125
0.000 0.012 0.579 0.000 6.283 0.010 0.000 1.125
0.000 0.026 1.448 86.873 6.283 0.010 0.000 1.125
0.001 0.046 2.027 57.920 6.283 0.010 0.001 1.125
0.002 0.072 2.606 57.928 6.283 0.010 0.002 1.125
0.003 0.104 3.186 57.941 6.283 0.010 0.003 1.125
0.004 0.142 3.765 57.959 6.283 0.010 0.004 1.125
0.006 0.185 4.345 57.986 6.283 0.010 0.006 1.125
0.008 0.235 4.925 58.020 6.283 0.010 0.008 1.125
0.011 0.290 5.506 58.065 6.283 0.010 0.011 1.125
0.015 0.351 6.087 58.120 6.283 0.010 0.015 1.125
0.019 0.417 6.669 58.188 6.283 0.010 0.019 1.125
0.024 0.487 6.962 29.286 6.283 0.010 0.024 1.125
0.029 0.557 6.966 0.370 6.283 0.010 0.029 1.125
0.036 0.626 6.970 0.422 6.283 0.010 0.036 1.125
0.042 0.696 6.975 0.473 6.283 0.010 0.042 1.125
0.050 0.766 6.980 0.524 6.283 0.010 0.050 1.125
0.058 0.836 6.986 0.575 6.283 0.010 0.058 1.125
0.068 0.906 6.992 0.626 6.283 0.010 0.068 1.125
0.077 0.976 6.999 0.676 6.283 0.010 0.077 1.125
0.088 1.046 7.006 0.726 6.283 0.010 0.088 1.125
0.099 1.116 7.014 0.775 6.283 0.010 0.099 1.125
0.111 1.186 7.022 0.824 6.283 0.010 0.111 1.125
0.123 1.256 7.031 0.872 6.283 0.010 0.123 1.125
0.137 1.327 7.040 0.920 6.283 0.010 0.137 1.125
0.151 1.397 7.050 0.968 6.283 0.010 0.151 1.125
0.165 1.468 7.060 1.015 6.283 0.010 0.165 1.125
0.181 1.538 7.070 1.062 6.283 0.010 0.181 1.125
0.197 1.609 7.081 1.108 6.283 0.010 0.197 1.125
0.214 1.680 7.093 1.154 6.282 0.010 0.214 1.125
0.231 1.751 7.105 1.200 6.282 0.010 0.231 1.125
0.249 1.822 7.117 1.246 6.282 0.010 0.249 1.125
0.268 1.894 7.130 1.291 6.282 0.010 0.268 1.125
0.288 1.965 7.144 1.337 6.282 0.010 0.288 1.125
0.308 2.037 7.157 1.382 6.282 0.010 0.308 1.125
0.329 2.108 7.172 1.428 6.281 0.010 0.329 1.125
0.351 2.180 7.186 1.473 6.281 0.010 0.351 1.125
0.374 2.252 7.202 1.519 6.281 0.010 0.374 1.125
0.397 2.324 7.217 1.565 6.281 0.010 0.397 1.125
0.421 2.397 7.233 1.612 6.280 0.010 0.421 1.125
0.446 2.469 7.250 1.659 6.280 0.010 0.446 1.125
0.471 2.542 7.267 1.707 6.280 0.010 0.471 1.124
0.497 2.615 7.285 1.755 6.279 0.010 0.497 1.124
0.524 2.688 7.303 1.805 6.279 0.010 0.524 1.124
0.552 2.761 7.321 1.856 6.278 0.010 0.552 1.124
0.580 2.834 7.340 1.907 6.278 0.010 0.580 1.124
0.609 2.908 7.360 1.961 6.277 0.010 0.609 1.124
0.639 2.982 7.380 2.016 6.277 0.010 0.639 1.124
0.669 3.056 7.401 2.072 6.276 0.010 0.669 1.123
0.701 3.130 7.422 2.131 6.276 0.010 0.701 1.123
0.733 3.205 7.444 2.192 6.275 0.010 0.733 1.123
0.766 3.279 7.467 2.255 6.274 0.010 0.766 1.123
0.799 3.354 7.490 2.321 6.273 0.010 0.799 1.122
0.833 3.429 7.514 2.389 6.273 0.010 0.833 1.122
0.868 3.505 7.538 2.461 6.272 0.010 0.868 1.122
0.904 3.580 7.564 2.536 6.271 0.010 0.904 1.121
0.941 3.656 7.590 2.615 6.270 0.010 0.941 1.121
0.978 3.732 7.617 2.697 6.269 0.010 0.978 1.120
1.016 3.809 7.645 2.784 6.268 0.010 1.016 1.120
1.055 3.886 7.673 2.877 6.266 0.010 1.055 1.119
1.095 3.963 7.703 2.973 6.265 0.010 1.095 1.118
1.135 4.040 7.734 3.075 6.264 0.010 1.135 1.118
1.176 4.118 7.766 3.183 6.263 0.010 1.176 1.117
1.218 4.196 7.799 3.296 6.261 0.010 1.218 1.116
1.261 4.274 7.833 3.418 6.260 0.010 1.261 1.115
1.304 4.353 7.868 3.545 6.258 0.010 1.304 1.114
1.349 4.432 7.905 3.681 6.256 0.010 1.349 1.113
1.394 4.511 7.943 3.824 6.254 0.010 1.394 1.111
1.440 4.591 7.983 3.976 6.252 0.010 1.440 1.110
1.487 4.671 8.024 4.138 6.251 0.010 1.486 1.109
1.534 4.752 8.068 4.311 6.248 0.010 1.534 1.107
1.582 4.833 8.113 4.493 6.246 0.010 1.582 1.105
1.632 4.915 8.159 4.687 6.244 0.010 1.631 1.103
1.681 4.997 8.208 4.894 6.242 0.010 1.681 1.101
1.732 5.079 8.259 5.113 6.239 0.010 1.732 1.099
1.784 5.162 8.313 5.347 6.236 0.010 1.784 1.097
1.836 5.246 8.369 5.596 6.234 0.010 1.836 1.094
1.890 5.330 8.428 5.862 6.231 0.010 1.889 1.092
1.944 5.415 8.489 6.145 6.228 0.010 1.943 1.089
1.999 5.501 8.553 6.445 6.224 0.010 1.998 1.086
2.055 5.587 8.621 6.766 6.221 0.010 2.054 1.082
2.111 5.674 8.692 7.107 6.218 0.010 2.111 1.079
2.169 5.762 8.767 7.472 6.214 0.010 2.168 1.075
2.228 5.850 8.845 7.860 6.210 0.010 2.226 1.070
2.287 5.939 8.928 8.275 6.206 0.010 2.286 1.066
2.347 6.029 9.015 8.716 6.202 0.010 2.346 1.061
2.408 6.120 9.107 9.187 6.198 0.010 2.407 1.056
2.471 6.213 9.204 9.688 6.193 0.010 2.469 1.051
2.534 6.306 9.306 10.223 6.188 0.010 2.531 1.045
2.598 6.400 9.414 10.794 6.183 0.010 2.595 1.039
2.663 6.495 9.528 11.399 6.178 0.010 2.660 1.032
2.728 6.591 9.649 12.045 6.173 0.010 2.725 1.025
2.795 6.689 9.776 12.733 6.167 0.010 2.792 1.017
2.863 6.788 9.911 13.463 6.161 0.010 2.859 1.009
2.932 6.889 10.053 14.239 6.155 0.010 2.927 1.001
3.002 6.991 10.204 15.062 6.148 0.010 2.997 0.992
3.073 7.095 10.363 15.935 6.141 0.010 3.067 0.982
3.145 7.200 10.532 16.857 6.134 0.010 3.138 0.971
3.218 7.307 10.710 17.831 6.127 0.010 3.210 0.960
3.292 7.416 10.899 18.857 6.119 0.010 3.284 0.948
3.367 7.527 11.098 19.936 6.111 0.010 3.358 0.936
3.444 7.640 11.308 21.063 6.102 0.010 3.433 0.922
3.521 7.755 11.531 22.238 6.093 0.010 3.509 0.908
3.600 7.873 11.765 23.458 6.084 0.010 3.586 0.893
3.680 7.993 12.013 24.715 6.074 0.010 3.665 0.876
3.761 8.116 12.273 26.001 6.063 0.010 3.744 0.859
3.844 8.241 12.546 27.304 6.052 0.010 3.824 0.841
3.927 8.370 12.832 28.610 6.041 0.010 3.906 0.821
4.012 8.501 13.131 29.898 6.029 0.010 3.988 0.800
4.099 8.635 13.442 31.144 6.017 0.010 4.072 0.778
4.186 8.773 13.765 32.315 6.003 0.010 4.156 0.754
4.276 8.914 14.099 33.373 5.990 0.010 4.242 0.729
4.366 9.058 14.442 34.270 5.975 0.010 4.328 0.702
4.458 9.206 14.791 34.947 5.960 0.010 4.416 0.674
4.552 9.358 15.145 35.339 5.944 0.010 4.504 0.643
4.647 9.513 15.498 35.362 5.928 0.010 4.594 0.611
4.744 9.671 15.847 34.921 5.910 0.010 4.684 0.577
4.842 9.833 16.187 33.914 5.892 0.010 4.775 0.540
4.942 9.998 16.509 32.219 5.873 0.010 4.867 0.501
5.044 10.166 16.806 29.705 5.853 0.010 4.960 0.459
5.147 10.337 17.068 26.240 5.832 0.010 5.054 0.415
5.252 10.510 17.285 21.679 5.810 0.010 5.148 0.369
5.359 10.684 17.444 15.894 5.788 0.010 5.242 0.319
5.468 10.860 17.532 8.766 5.764 0.010 5.337 0.266
5.578 11.035 17.534 0.205 5.740 0.010 5.432 0.210
5.690 11.209 17.435 -9.830 5.714 0.010 5.527 0.151
5.804 11.381 17.222 -21.321 5.688 0.010 5.623 0.088
5.919 11.550 16.880 -34.171 5.660 0.010 5.717 0.022
6.036 11.714 16.399 -48.183 5.632 0.010 5.811 -0.047
6.155 11.872 15.768 -63.058 5.603 0.010 5.905 -0.121
6.275 12.022 14.984 -78.383 5.574 0.010 5.997 -0.198
6.397 12.162 14.048 -93.642 5.543 0.010 6.088 -0.278
6.520 12.292 12.965 -108.238 5.513 0.010 6.178 -0.362
6.644 12.409 11.750 -121.523 5.481 0.010 6.265 -0.450
6.769 12.510 10.018 -173.260 5.450 0.010 6.351 -0.542
6.895 12.587 7.795 -222.213 5.418 0.010 6.434 -0.636
7.021 12.643 5.526 -226.925 5.386 0.010 6.515 -0.734
7.148 12.675 3.253 -227.366 5.355 0.010 6.592 -0.834
7.275 12.685 1.018 -223.501 5.324 0.010 6.666 -0.937
7.402 12.674 -1.138 -215.569 5.293 0.010 6.738 -1.042
7.528 12.642 -3.179 -204.057 5.263 0.010 6.805 -1.148
7.654 12.592 -5.075 -189.643 5.233 0.010 6.870 -1.257
7.779 12.523 -6.806 -173.124 5.204 0.010 6.930 -1.366
7.904 12.440 -8.360 -155.339 5.176 0.010 6.987 -1.477
8.027 12.342 -9.741 -138.083 5.149 0.010 7.041 -1.588
8.149 12.229 -11.320 -157.919 5.123 0.010 7.091 -1.699
8.270 12.102 -12.703 -138.326 5.098 0.010 7.138 -1.811
8.390 11.967 -13.542 -83.889 5.075 0.010 7.182 -1.922
8.508 11.824 -14.239 -69.683 5.052 0.010 7.223 -2.033
8.625 11.676 -14.812 -57.297 5.030 0.010 7.260 -2.144
8.740 11.524 -15.279 -46.768 5.010 0.010 7.295 -2.254
8.854 11.367 -15.660 -38.043 4.990 0.010 7.328 -2.363
8.966 11.207 -15.970 -31.010 4.972 0.010 7.357 -2.471
9.077 11.045 -16.225 -25.511 4.954 0.010 7.385 -2.578
9.185 10.881 -16.439 -21.374 4.938 0.010 7.410 -2.683
9.293 10.714 -16.623 -18.412 4.922 0.010 7.433 -2.788
9.398 10.547 -16.779 -15.565 4.907 0.010 7.454 -2.891
9.502 10.381 -16.584 19.470 4.893 0.010 7.473 -2.993
9.604 10.220 -16.067 51.686 4.880 0.010 7.491 -3.094
9.705 10.064 -15.570 49.737 4.868 0.010 7.507 -3.193
9.804 9.913 -15.094 47.597 4.857 0.010 7.522 -3.291
9.901 9.767 -14.640 45.348 4.846 0.010 7.536 -3.388
9.998 9.625 -14.210 43.051 4.836 0.010 7.548 -3.484
10.093 9.487 -13.802 40.756 4.826 0.010 7.559 -3.578
10.186 9.353 -13.417 38.497 4.817 0.010 7.569 -3.671
10.278 9.222 -13.054 36.301 4.808 0.010 7.579 -3.763
10.369 9.095 -12.712 34.186 4.800 0.010 7.587 -3.853
10.459 8.971 -12.391 32.164 4.793 0.010 7.595 -3.942
10.547 8.850 -12.088 30.242 4.786 0.010 7.601 -4.031
10.635 8.732 -11.804 28.425 4.779 0.010 7.608 -4.118
10.721 8.617 -11.537 26.712 4.773 0.010 7.613 -4.204
10.806 8.504 -11.286 25.104 4.767 0.010 7.618 -4.289
10.890 8.394 -11.050 23.597 4.762 0.010 7.622 -4.373
10.973 8.285 -10.828 22.188 4.757 0.010 7.626 -4.455
11.055 8.179 -10.619 20.872 4.752 0.010 7.630 -4.537
11.135 8.075 -10.423 19.645 4.748 0.010 7.633 -4.618
11.215 7.972 -10.238 18.503 4.743 0.010 7.635 -4.697
11.294 7.872 -10.063 17.439 4.740 0.010 7.638 -4.776
11.372 7.773 -9.899 16.450 4.736 0.010 7.640 -4.854
11.448 7.675 -9.744 15.529 4.733 0.010 7.641 -4.931
11.524 7.579 -9.597 14.673 4.729 0.010 7.643 -5.006
11.599 7.485 -9.458 13.876 4.727 0.010 7.644 -5.081
11.673 7.392 -9.327 13.135 4.724 0.010 7.645 -5.155
11.746 7.300 -9.202 12.445 4.721 0.010 7.646 -5.228
11.818 7.209 -9.084 11.803 4.719 0.010 7.646 -5.300
11.889 7.119 -8.972 11.205 4.717 0.010 7.646 -5.371
11.959 7.030 -8.866 10.647 4.715 0.010 7.647 -5.442
12.029 6.943 -8.765 10.126 4.713 0.010 7.647 -5.511
12.097 6.856 -8.668 9.640 4.711 0.010 7.647 -5.580
12.165 6.770 -8.576 9.185 4.710 0.010 7.647 -5.647
12.232 6.685 -8.489 8.760 4.709 0.010 7.647 -5.714
12.298 6.601 -8.405 8.361 4.707 0.010 7.646 -5.780
12.363 6.518 -8.325 7.986 4.706 0.010 7.646 -5.845
12.427 6.436 -8.249 7.634 4.705 0.010 7.645 -5.910
12.491 6.354 -8.176 7.303 4.704 0.010 7.645 -5.973
12.554 6.273 -8.106 6.991 4.703 0.010 7.644 -6.036
12.616 6.192 -8.039 6.696 4.703 0.010 7.644 -6.098
12.677 6.113 -7.975 6.416 4.702 0.010 7.643 -6.159
12.737 6.033 -7.913 6.151 4.702 0.010 7.643 -6.219
12.797 5.955 -7.854 5.900 4.701 0.010 7.642 -6.279
12.855 5.877 -7.798 5.660 4.701 0.010 7.641 -6.338
12.913 5.799 -7.743 5.432 4.701 0.010 7.641 -6.396
12.971 5.723 -7.691 5.213 4.700 0.010 7.640 -6.453
13.027 5.646 -7.641 5.004 4.700 0.010 7.639 -6.509
13.083 5.570 -7.593 4.803 4.700 0.010 7.639 -6.565
13.138 5.495 -7.547 4.609 4.700 0.010 7.638 -6.620
13.192 5.420 -7.503 4.423 4.700 0.010 7.637 -6.674
13.245 5.345 -7.460 4.243 4.700 0.010 7.637 -6.728
13.298 5.271 -7.420 4.069 4.700 0.010 7.636 -6.780
13.350 5.197 -7.381 3.900 4.700 0.010 7.635 -6.832
13.401 5.124 -7.343 3.736 4.700 0.010 7.635 -6.883
13.452 5.051 -7.308 3.577 4.701 0.010 7.634 -6.934
13.502 4.978 -7.273 3.421 4.701 0.010 7.633 -6.984
13.551 4.905 -7.241 3.270 4.701 0.010 7.633 -7.033
13.599 4.833 -7.209 3.122 4.701 0.010 7.632 -7.081
13.647 4.762 -7.180 2.978 4.702 0.010 7.632 -7.129
13.694 4.690 -7.151 2.836 4.702 0.010 7.631 -7.176
13.740 4.619 -7.124 2.698 4.702 0.010 7.631 -7.222
13.785 4.548 -7.099 2.562 4.703 0.010 7.630 -7.267
13.830 4.477 -7.074 2.430 4.703 0.010 7.630 -7.312
13.874 4.407 -7.051 2.300 4.703 0.010 7.630 -7.356
13.917 4.336 -7.030 2.172 4.704 0.010 7.629 -7.400
13.960 4.266 -7.009 2.047 4.704 0.010 7.629 -7.442
14.002 4.196 -6.990 1.925 4.704 0.010 7.628 -7.484
14.043 4.127 -6.972 1.805 4.705 0.010 7.628 -7.525
14.084 4.057 -6.955 1.688 4.705 0.010 7.628 -7.566
14.124 3.988 -6.939 1.573 4.705 0.010 7.628 -7.606
14.163 3.918 -6.925 1.461 4.706 0.010 7.627 -7.645
14.201 3.849 -6.911 1.352 4.706 0.010 7.627 -7.684
14.239 3.780 -6.899 1.245 4.707 0.010 7.627 -7.721
14.276 3.711 -6.887 1.141 4.707 0.010 7.627 -7.758
14.313 3.643 -6.877 1.040 4.707 0.010 7.626 -7.795
14.349 3.574 -6.867 0.942 4.708 0.010 7.626 -7.831
14.384 3.505 -6.859 0.847 4.708 0.010 7.626 -7.866
14.418 3.437 -6.851 0.754 4.708 0.010 7.626 -7.900
14.452 3.368 -6.845 0.665 4.709 0.010 7.626 -7.934
14.485 3.300 -6.839 0.579 4.709 0.010 7.626 -7.967
14.517 3.232 -6.834 0.495 4.709 0.010 7.626 -7.999
14.549 3.163 -6.830 0.416 4.709 0.010 7.625 -8.031
14.580 3.095 -6.827 0.339 4.710 0.010 7.625 -8.062
14.610 3.027 -6.824 0.266 4.710 0.010 7.625 -8.092
14.639 2.959 -6.822 0.196 4.710 0.010 7.625 -8.121
14.668 2.890 -6.821 0.129 4.710 0.010 7.625 -8.150
14.696 2.822 -6.820 0.066 4.711 0.010 7.625 -8.179
14.724 2.754 -6.820 0.007 4.711 0.010 7.625 -8.206
14.751 2.686 -6.820 -0.049 4.711 0.010 7.625 -8.233
14.777 2.618 -6.821 -0.102 4.711 0.010 7.625 -8.259
14.803 2.549 -6.823 -0.151 4.711 0.010 7.625 -8.285
14.827 2.481 -6.825 -0.197 4.712 0.010 7.625 -8.309
14.852 2.413 -6.827 -0.239 4.712 0.010 7.625 -8.334
14.875 2.345 -6.830 -0.277 4.712 0.010 7.625 -8.357
14.898 2.276 -6.833 -0.313 4.712 0.010 7.625 -8.380
14.920 2.208 -6.837 -0.345 4.712 0.010 7.625 -8.402
14.941 2.139 -6.840 -0.373 4.712 0.010 7.625 -8.423
14.962 2.071 -6.844 -0.398 4.712 0.010 7.625 -8.444
14.982 2.003 -6.849 -0.420 4.712 0.010 7.625 -8.464
15.001 1.934 -6.853 -0.439 4.713 0.010 7.625 -8.483
15.020 1.865 -6.857 -0.455 4.713 0.010 7.625 -8.502
15.038 1.797 -6.862 -0.467 4.713 0.010 7.625 -8.520
15.055 1.728 -6.867 -0.477 4.713 0.010 7.625 -8.537
15.072 1.659 -6.872 -0.483 4.713 0.010 7.625 -8.554
15.088 1.591 -6.877 -0.487 4.713 0.010 7.625 -8.570
15.103 1.522 -6.881 -0.488 4.713 0.010 7.625 -8.585
15.117 1.453 -6.886 -0.486 4.713 0.010 7.625 -8.600
15.131 1.384 -6.891 -0.482 4.713 0.010 7.625 -8.613
15.144 1.315 -6.896 -0.475 4.713 0.010 7.625 -8.627
15.157 1.246 -6.901 -0.466 4.713 0.010 7.625 -8.639
15.169 1.177 -6.905 -0.455 4.713 0.010 7.625 -8.651
15.180 1.108 -6.910 -0.442 4.713 0.010 7.625 -8.662
15.190 1.039 -6.914 -0.426 4.713 0.010 7.625 -8.672
15.200 0.970 -6.918 -0.409 4.713 0.010 7.625 -8.682
15.209 0.900 -6.922 -0.390 4.713 0.010 7.625 -8.691
15.217 0.831 -6.925 -0.369 4.713 0.010 7.625 -8.699
15.225 0.762 -6.929 -0.347 4.713 0.010 7.625 -8.707
15.232 0.693 -6.932 -0.323 4.713 0.010 7.625 -8.714
15.238 0.623 -6.935 -0.298 4.713 0.010 7.625 -8.720
15.243 0.554 -6.938 -0.271 4.713 0.010 7.625 -8.726
15.248 0.484 -6.940 -0.244 4.713 0.010 7.625 -8.730
15.252 0.415 -6.935 0.534 4.713 0.010 7.625 -8.735
15.256 0.349 -6.640 29.514 4.713 0.010 7.625 -8.738
15.259 0.288 -6.062 57.753 4.713 0.010 7.625 -8.741
15.261 0.233 -5.484 57.793 4.713 0.010 7.625 -8.743
15.263 0.184 -4.906 57.825 4.713 0.010 7.625 -8.745
15.264 0.141 -4.328 57.851 4.713 0.010 7.625 -8.746
15.265 0.103 -3.749 57.872 4.713 0.010 7.625 -8.748
15.266 0.072 -3.170 57.888 4.713 0.010 7.625 -8.748
15.267 0.046 -2.591 57.899 4.713 0.010 7.625 -8.749
15.267 0.026 -2.012 57.906 4.713 0.010 7.625 -8.749
15.267 0.011 -1.433 57.911 4.713 0.010 7.625 -8.749
15.267 0.003 -0.854 57.913 4.713 0.010 7.625 -8.749
15.267 0.000 -0.282 57.165 4.713 0.010 7.625 -8.749
0.000 0.006 0.579 57.914 6.283 0.010 0.000 -1.125
0.000 0.012 0.579 -0.000 6.283 0.010 0.000 -1.125
0.000 0.026 1.448 86.870 6.283 0.010 0.000 -1.125
0.001 0.046 2.027 57.908 6.283 0.010 0.001 -1.125
0.002 0.072 2.606 57.901 6.283 0.010 0.002 -1.125
0.003 0.104 3.185 57.888 6.283 0.010 0.003 -1.125
0.004 0.142 3.763 57.869 6.283 0.010 0.004 -1.125
0.006 0.185 4.342 57.843 6.283 0.010 0.006 -1.125
0.008 0.234 4.920 57.808 6.283 0.010 0.008 -1.125
0.011 0.289 5.498 57.764 6.283 0.010 0.011 -1.125
0.015 0.350 6.075 57.708 6.283 0.010 0.015 -1.125
0.019 0.417 6.651 57.641 6.283 0.010 0.019 -1.125
0.024 0.486 6.937 28.628 6.283 0.010 0.024 -1.125
0.029 0.555 6.934 -0.370 6.283 0.010 0.029 -1.125
0.035 0.625 6.930 -0.421 6.283 0.010 0.035 -1.125
0.042 0.694 6.925 -0.473 6.283 0.010 0.042 -1.125
0.050 0.763 6.920 -0.524 6.283 0.010 0.050 -1.125
0.058 0.832 6.914 -0.575 6.283 0.010 0.058 -1.125
0.067 0.901 6.908 -0.626 6.283 0.010 0.067 -1.125
0.077 0.970 6.901 -0.676 6.283 0.010 0.077 -1.125
0.087 1.039 6.894 -0.726 6.283 0.010 0.087 -1.125
0.099 1.108 6.886 -0.775 6.283 0.010 0.099 -1.125
0.110 1.177 6.878 -0.824 6.283 0.010 0.110 -1.125
0.123 1.246 6.869 -0.872 6.283 0.010 0.123 -1.125
0.136 1.314 6.860 -0.920 6.283 0.010 0.136 -1.125
0.150 1.383 6.850 -0.968 6.283 0.010 0.150 -1.125
0.164 1.451 6.840 -1.015 6.283 0.010 0.164 -1.125
0.179 1.519 6.829 -1.062 6.283 0.010 0.179 -1.125
0.195 1.588 6.818 -1.108 6.283 0.010 0.195 -1.125
0.212 1.656 6.807 -1.154 6.282 0.010 0.212 -1.125
0.229 1.724 6.795 -1.200 6.282 0.010 0.229 -1.125
0.247 1.791 6.782 -1.246 6.282 0.010 0.247 -1.125
0.266 1.859 6.769 -1.291 6.282 0.010 0.266 -1.125
0.285 1.927 6.756 -1.337 6.282 0.010 0.285 -1.125
0.305 1.994 6.742 -1.382 6.282 0.010 0.305 -1.125
0.325 2.061 6.728 -1.428 6.281 0.010 0.325 -1.125
0.347 2.129 6.713 -1.473 6.281 0.010 0.347 -1.125
0.369 2.196 6.698 -1.519 6.281 0.010 0.369 -1.125
0.391 2.262 6.682 -1.565 6.281 0.010 0.391 -1.125
0.415 2.329 6.666 -1.612 6.280 0.010 0.415 -1.125
0.439 2.395 6.649 -1.659 6.280 0.010 0.439 -1.125
0.463 2.462 6.632 -1.707 6.280 0.010 0.463 -1.126
0.488 2.528 6.615 -1.755 6.279 0.010 0.488 -1.126
0.514 2.594 6.597 -1.805 6.279 0.010 0.514 -1.126
0.541 2.660 6.578 -1.855 6.278 0.010 0.541 -1.126
0.568 2.725 6.559 -1.907 6.278 0.010 0.568 -1.126
0.596 2.791 6.539 -1.961 6.277 0.010 0.596 -1.126
0.625 2.856 6.519 -2.016 6.277 0.010 0.625 -1.126
0.654 2.921 6.499 -2.072 6.276 0.010 0.654 -1.127
0.684 2.986 6.477 -2.131 6.276 0.010 0.684 -1.127
0.714 3.050 6.455 -2.192 6.275 0.010 0.714 -1.127
0.745 3.115 6.433 -2.255 6.274 0.010 0.745 -1.127
0.777 3.179 6.410 -2.321 6.273 0.010 0.777 -1.128
0.810 3.242 6.386 -2.389 6.273 0.010 0.810 -1.128
0.843 3.306 6.361 -2.461 6.272 0.010 0.843 -1.128
0.876 3.369 6.336 -2.536 6.271 0.010 0.876 -1.129
0.911 3.433 6.310 -2.615 6.270 0.010 0.911 -1.129
0.946 3.495 6.283 -2.698 6.269 0.010 0.946 -1.130
0.981 3.558 6.255 -2.785 6.268 0.010 0.981 -1.130
1.017 3.620 6.226 -2.876 6.266 0.010 1.017 -1.131
1.054 3.682 6.196 -2.973 6.265 0.010 1.054 -1.131
1.092 3.744 6.166 -3.075 6.264 0.010 1.092 -1.132
1.130 3.805 6.134 -3.182 6.263 0.010 1.130 -1.133
1.168 3.866 6.101 -3.297 6.261 0.010 1.168 -1.134
1.208 3.927 6.067 -3.417 6.260 0.010 1.208 -1.134
1.248 3.987 6.031 -3.545 6.258 0.010 1.247 -1.135
1.288 4.047 5.994 -3.680 6.256 0.010 1.288 -1.137
1.329 4.107 5.956 -3.824 6.254 0.010 1.329 -1.138
1.371 4.166 5.916 -3.977 6.252 0.010 1.371 -1.139
1.413 4.225 5.875 -4.138 6.251 0.010 1.413 -1.140
1.456 4.283 5.832 -4.310 6.248 0.010 1.456 -1.142
1.499 4.341 5.787 -4.493 6.246 0.010 1.499 -1.143
1.543 4.398 5.740 -4.687 6.244 0.010 1.543 -1.145
1.588 4.455 5.691 -4.894 6.242 0.010 1.588 -1.147
1.633 4.511 5.640 -5.114 6.239 0.010 1.633 -1.149
1.679 4.567 5.586 -5.348 6.236 0.010 1.678 -1.151
1.725 4.623 5.531 -5.597 6.234 0.010 1.724 -1.153
1.772 4.677 5.472 -5.862 6.231 0.010 1.771 -1.155
1.819 4.731 5.410 -6.144 6.228 0.010 1.818 -1.158
1.867 4.785 5.346 -6.446 6.224 0.010 1.866 -1.161
1.915 4.838 5.278 -6.766 6.221 0.010 1.914 -1.164
1.964 4.890 5.207 -7.108 6.218 0.010 1.963 -1.167
2.013 4.941 5.133 -7.472 6.214 0.010 2.012 -1.170
2.063 4.992 5.054 -7.861 6.210 0.010 2.062 -1.174
2.114 5.041 4.971 -8.275 6.206 0.010 2.113 -1.177
2.165 5.090 4.884 -8.717 6.202 0.010 2.163 -1.181
2.216 5.138 4.792 -9.187 6.198 0.010 2.215 -1.186
2.268 5.185 4.695 -9.689 6.193 0.010 2.266 -1.190
2.320 5.231 4.593 -10.224 6.188 0.010 2.318 -1.195
2.373 5.276 4.485 -10.793 6.183 0.010 2.371 -1.200
2.426 5.320 4.371 -11.401 6.178 0.010 2.424 -1.206
2.480 5.362 4.251 -12.047 6.173 0.010 2.477 -1.211
2.534 5.403 4.123 -12.734 6.167 0.010 2.531 -1.217
2.588 5.443 3.989 -13.465 6.161 0.010 2.585 -1.224
2.643 5.482 3.846 -14.241 6.155 0.010 2.639 -1.231
2.698 5.519 3.696 -15.065 6.148 0.010 2.694 -1.238
2.754 5.554 3.536 -15.937 6.141 0.010 2.749 -1.246
2.810 5.588 3.368 -16.860 6.134 0.010 2.804 -1.254
2.866 5.619 3.189 -17.835 6.127 0.010 2.860 -1.262
2.922 5.649 3.001 -18.861 6.119 0.010 2.915 -1.271
2.979 5.678 2.801 -19.938 6.111 0.010 2.971 -1.281
3.036 5.703 2.591 -21.067 6.102 0.010 3.028 -1.291
3.093 5.727 2.368 -22.243 6.093 0.010 3.084 -1.301
3.151 5.748 2.133 -23.463 6.084 0.010 3.140 -1.313
3.209 5.767 1.886 -24.720 6.074 0.010 3.197 -1.324
3.266 5.784 1.626 -26.006 6.063 0.010 3.253 -1.337
3.324 5.797 1.353 -27.311 6.052 0.010 3.310 -1.350
3.382 5.808 1.067 -28.617 6.041 0.010 3.366 -1.363
3.441 5.815 0.768 -29.907 6.029 0.010 3.423 -1.377
3.499 5.820 0.456 -31.153 6.017 0.010 3.479 -1.392
3.557 5.821 0.133 -32.325 6.003 0.010 3.535 -1.408
3.615 5.819 -0.201 -33.384 5.990 0.010 3.591 -1.425
3.673 5.814 -0.544 -34.282 5.975 0.010 3.646 -1.442
3.731 5.805 -0.893 -34.962 5.960 0.010 3.701 -1.460
3.789 5.792 -1.247 -35.353 5.944 0.010 3.756 -1.479
3.847 5.776 -1.600 -35.377 5.928 0.010 3.810 -1.498
3.905 5.757 -1.950 -34.939 5.910 0.010 3.864 -1.519
3.962 5.734 -2.289 -33.932 5.892 0.010 3.917 -1.540
4.019 5.708 -2.612 -32.237 5.873 0.010 3.970 -1.562
4.076 5.679 -2.909 -29.726 5.853 0.010 4.022 -1.586
4.132 5.647 -3.171 -26.260 5.832 0.010 4.073 -1.610
4.188 5.613 -3.388 -21.701 5.810 0.010 4.123 -1.635
4.244 5.578 -3.548 -15.915 5.788 0.010 4.173 -1.661
4.300 5.541 -3.635 -8.785 5.764 0.010 4.221 -1.688
4.355 5.505 -3.638 -0.223 5.740 0.010 4.268 -1.715
4.409 5.470 -3.540 9.815 5.714 0.010 4.315 -1.744
4.464 5.436 -3.326 21.311 5.688 0.010 4.360 -1.774
4.518 5.407 -2.985 34.165 5.660 0.010 4.405 -1.805
4.572 5.382 -2.503 48.184 5.632 0.010 4.448 -1.837
4.625 5.363 -1.872 63.066 5.603 0.010 4.490 -1.870
4.679 5.352 -1.088 78.399 5.574 0.010 4.531 -1.905
4.732 5.350 -0.152 93.667 5.543 0.010 4.571 -1.940
4.786 5.360 0.931 108.271 5.513 0.010 4.610 -1.977
4.840 5.381 2.147 121.565 5.481 0.010 4.648 -2.015
4.894 5.414 3.301 115.403 5.450 0.010 4.685 -2.054
4.948 5.458 4.365 106.456 5.418 0.010 4.721 -2.095
5.004 5.513 5.477 111.172 5.386 0.010 4.756 -2.138
5.059 5.579 6.593 111.615 5.355 0.010 4.791 -2.182
5.116 5.655 7.671 107.748 5.324 0.010 4.824 -2.228
5.173 5.742 8.669 99.811 5.293 0.010 4.856 -2.275
5.232 5.837 9.552 88.292 5.263 0.010 4.887 -2.325
5.291 5.940 10.290 73.869 5.233 0.010 4.918 -2.376
5.352 6.049 10.864 57.340 5.204 0.010 4.947 -2.429
5.413 6.162 11.259 39.544 5.176 0.010 4.975 -2.483
5.476 6.276 11.467 20.778 5.149 0.010 5.003 -2.540
5.540 6.389 11.294 -17.307 5.123 0.010 5.029 -2.598
5.605 6.499 10.940 -35.410 5.098 0.010 5.054 -2.658
5.671 6.605 10.620 -31.946 5.075 0.010 5.078 -2.719
5.738 6.706 10.159 -46.159 5.052 0.010 5.101 -2.782
5.806 6.802 9.573 -58.549 5.030 0.010 5.123 -2.847
5.875 6.891 8.882 -69.082 5.010 0.010 5.144 -2.912
5.945 6.972 8.104 -77.809 4.990 0.010 5.164 -2.979
6.015 7.045 7.256 -84.844 4.972 0.010 5.182 -3.047
6.086 7.108 6.353 -90.342 4.954 0.010 5.200 -3.116
6.158 7.162 5.408 -94.480 4.938 0.010 5.217 -3.186
6.230 7.207 4.433 -97.440 4.922 0.010 5.232 -3.256
6.302 7.241 3.445 -98.787 4.907 0.010 5.247 -3.327
6.375 7.268 2.686 -75.908 4.893 0.010 5.260 -3.399
6.448 7.290 2.169 -51.708 4.880 0.010 5.273 -3.470
6.521 7.306 1.672 -49.757 4.868 0.010 5.285 -3.542
6.594 7.318 1.196 -47.615 4.857 0.010 5.296 -3.615
6.667 7.326 0.742 -45.363 4.846 0.010 5.306 -3.687
6.741 7.329 0.311 -43.065 4.836 0.010 5.315 -3.760
6.814 7.328 -0.096 -40.768 4.826 0.010 5.324 -3.833
6.887 7.323 -0.481 -38.508 4.817 0.010 5.332 -3.906
6.960 7.315 -0.845 -36.311 4.808 0.010 5.339 -3.978
7.033 7.303 -1.187 -34.195 4.800 0.010 5.346 -4.051
7.106 7.288 -1.508 -32.171 4.793 0.010 5.352 -4.124
7.179 7.269 -1.811 -30.249 4.786 0.010 5.357 -4.196
7.251 7.248 -2.095 -28.431 4.779 0.010 5.363 -4.268
7.324 7.225 -2.362 -26.718 4.773 0.010 5.367 -4.341
7.396 7.199 -2.613 -25.108 4.767 0.010 5.371 -4.412
7.467 7.170 -2.849 -23.601 4.762 0.010 5.375 -4.484
7.539 7.140 -3.071 -22.191 4.757 0.010 5.378 -4.555
7.610 7.107 -3.280 -20.875 4.752 0.010 5.381 -4.626
7.680 7.072 -3.476 -19.648 4.748 0.010 5.384 -4.697
7.751 7.035 -3.661 -18.505 4.743 0.010 5.386 -4.767
7.821 6.997 -3.836 -17.441 4.740 0.010 5.388 -4.837
7.890 6.957 -4.000 -16.451 4.736 0.010 5.390 -4.907
7.960 6.915 -4.156 -15.531 4.733 0.010 5.392 -4.976
8.028 6.872 -4.302 -14.674 4.729 0.010 5.393 -5.045
8.097 6.828 -4.441 -13.877 4.727 0.010 5.394 -5.113
8.164 6.782 -4.573 -13.136 4.724 0.010 5.395 -5.181
8.232 6.735 -4.697 -12.446 4.721 0.010 5.396 -5.248
8.299 6.687 -4.815 -11.804 4.719 0.010 5.396 -5.315
8.365 6.638 -4.927 -11.206 4.717 0.010 5.397 -5.381
8.431 6.588 -5.034 -10.648 4.715 0.010 5.397 -5.447
8.496 6.536 -5.135 -10.127 4.713 0.010 5.397 -5.513
8.561 6.484 -5.231 -9.641 4.711 0.010 5.397 -5.577
8.625 6.431 -5.323 -9.186 4.710 0.010 5.397 -5.642
8.689 6.377 -5.411 -8.760 4.709 0.010 5.397 -5.706
8.752 6.322 -5.494 -8.361 4.707 0.010 5.396 -5.769
8.815 6.266 -5.574 -7.987 4.706 0.010 5.396 -5.831
8.877 6.209 -5.651 -7.635 4.705 0.010 5.395 -5.893
8.939 6.152 -5.724 -7.303 4.704 0.010 5.395 -5.955
9.000 6.094 -5.794 -6.991 4.703 0.010 5.394 -6.016
9.060 6.036 -5.860 -6.696 4.703 0.010 5.394 -6.076
9.120 5.976 -5.925 -6.416 4.702 0.010 5.393 -6.136
9.179 5.916 -5.986 -6.152 4.702 0.010 5.393 -6.195
9.237 5.856 -6.045 -5.900 4.701 0.010 5.392 -6.254
9.295 5.795 -6.102 -5.660 4.701 0.010 5.391 -6.312
9.353 5.733 -6.156 -5.432 4.701 0.010 5.391 -6.369
9.409 5.671 -6.208 -5.213 4.700 0.010 5.390 -6.426
9.465 5.609 -6.258 -5.004 4.700 0.010 5.389 -6.482
9.521 5.546 -6.306 -4.803 4.700 0.010 5.389 -6.537
9.576 5.482 -6.352 -4.610 4.700 0.010 5.388 -6.592
9.630 5.418 -6.397 -4.423 4.700 0.010 5.387 -6.646
9.683 5.354 -6.439 -4.243 4.700 0.010 5.387 -6.700
9.736 5.289 -6.480 -4.069 4.700 0.010 5.386 -6.753
9.789 5.224 -6.519 -3.900 4.700 0.010 5.385 -6.805
9.840 5.158 -6.556 -3.736 4.700 0.010 5.385 -6.857
9.891 5.092 -6.592 -3.577 4.701 0.010 5.384 -6.907
9.941 5.026 -6.626 -3.421 4.701 0.010 5.384 -6.958
9.991 4.960 -6.659 -3.270 4.701 0.010 5.383 -7.007
10.040 4.893 -6.690 -3.122 4.701 0.010 5.382 -7.056
10.088 4.825 -6.720 -2.978 4.702 0.010 5.382 -7.104
10.136 4.758 -6.748 -2.836 4.702 0.010 5.381 -7.152
10.183 4.690 -6.775 -2.698 4.702 0.010 5.381 -7.199
10.229 4.622 -6.801 -2.562 4.703 0.010 5.380 -7.245
10.274 4.554 -6.825 -2.430 4.703 0.010 5.380 -7.291
10.319 4.485 -6.848 -2.300 4.703 0.010 5.380 -7.336
10.363 4.417 -6.870 -2.172 4.704 0.010 5.379 -7.380
10.407 4.348 -6.890 -2.047 4.704 0.010 5.379 -7.423
10.450 4.279 -6.909 -1.925 4.704 0.010 5.379 -7.466
10.492 4.209 -6.928 -1.805 4.705 0.010 5.378 -7.508
10.533 4.140 -6.944 -1.688 4.705 0.010 5.378 -7.549
10.574 4.070 -6.960 -1.573 4.705 0.010 5.378 -7.590
10.614 4.001 -6.975 -1.461 4.706 0.010 5.377 -7.630
10.653 3.931 -6.988 -1.352 4.706 0.010 5.377 -7.669
10.692 3.861 -7.001 -1.245 4.707 0.010 5.377 -7.708
10.730 3.791 -7.012 -1.141 4.707 0.010 5.377 -7.746
10.767 3.720 -7.023 -1.040 4.707 0.010 5.376 -7.783
10.803 3.650 -7.032 -0.942 4.708 0.010 5.376 -7.820
10.839 3.580 -7.040 -0.847 4.708 0.010 5.376 -7.856
10.874 3.509 -7.048 -0.754 4.708 0.010 5.376 -7.891
10.909 3.439 -7.055 -0.665 4.709 0.010 5.376 -7.925
10.942 3.368 -7.060 -0.579 4.709 0.010 5.376 -7.959
10.975 3.297 -7.065 -0.495 4.709 0.010 5.376 -7.992
11.008 3.227 -7.070 -0.416 4.709 0.010 5.375 -8.024
11.039 3.156 -7.073 -0.339 4.710 0.010 5.375 -8.055
11.070 3.085 -7.076 -0.266 4.710 0.010 5.375 -8.086
11.100 3.014 -7.078 -0.196 4.710 0.010 5.375 -8.116
11.130 2.944 -7.079 -0.129 4.710 0.010 5.375 -8.146
11.158 2.873 -7.079 -0.066 4.711 0.010 5.375 -8.175
11.186 2.802 -7.080 -0.007 4.711 0.010 5.375 -8.203
11.214 2.731 -7.079 0.049 4.711 0.010 5.375 -8.230
11.240 2.661 -7.078 0.102 4.711 0.010 5.375 -8.257
11.266 2.590 -7.077 0.151 4.711 0.010 5.375 -8.282
11.291 2.519 -7.075 0.197 4.712 0.010 5.375 -8.308
11.316 2.448 -7.072 0.239 4.712 0.010 5.375 -8.332
11.340 2.378 -7.069 0.277 4.712 0.010 5.375 -8.356
11.363 2.307 -7.066 0.313 4.712 0.010 5.375 -8.379
11.385 2.236 -7.063 0.345 4.712 0.010 5.375 -8.401
11.407 2.166 -7.059 0.373 4.712 0.010 5.375 -8.423
11.428 2.095 -7.055 0.398 4.712 0.010 5.375 -8.444
11.448 2.025 -7.051 0.420 4.712 0.010 5.375 -8.464
11.467 1.954 -7.047 0.439 4.713 0.010 5.375 -8.484
11.486 1.884 -7.042 0.455 4.713 0.010 5.375 -8.503
11.504 1.813 -7.037 0.467 4.713 0.010 5.375 -8.521
11.522 1.743 -7.033 0.477 4.713 0.010 5.375 -8.538
11.539 1.673 -7.028 0.483 4.713 0.010 5.375 -8.555
11.555 1.603 -7.023 0.487 4.713 0.010 5.375 -8.571
11.570 1.532 -7.018 0.488 4.713 0.010 5.375 -8.586
11.585 1.462 -7.013 0.486 4.713 0.010 5.375 -8.601
11.598 1.392 -7.008 0.482 4.713 0.010 5.375 -8.615
11.612 1.322 -7.004 0.475 4.713 0.010 5.375 -8.628
11.624 1.252 -6.999 0.466 4.713 0.010 5.375 -8.641
11.636 1.182 -6.994 0.455 4.713 0.010 5.375 -8.652
11.647 1.112 -6.990 0.442 4.713 0.010 5.375 -8.663
11.658 1.042 -6.986 0.426 4.713 0.010 5.375 -8.674
11.667 0.973 -6.982 0.409 4.713 0.010 5.375 -8.684
11.676 0.903 -6.978 0.390 4.713 0.010 5.375 -8.693
11.685 0.833 -6.974 0.369 4.713 0.010 5.375 -8.701
11.692 0.763 -6.970 0.347 4.713 0.010 5.375 -8.709
11.699 0.694 -6.967 0.323 4.713 0.010 5.375 -8.716
11.705 0.624 -6.964 0.298 4.713 0.010 5.375 -8.722
11.711 0.554 -6.962 0.271 4.713 0.010 5.375 -8.727
11.716 0.485 -6.959 0.244 4.713 0.010 5.375 -8.732
11.720 0.415 -6.949 0.965 4.713 0.010 5.375 -8.736
11.723 0.349 -6.650 29.900 4.713 0.010 5.375 -8.740
11.726 0.288 -6.070 58.075 4.713 0.010 5.375 -8.743
11.729 0.233 -5.489 58.036 4.713 0.010 5.375 -8.745
11.731 0.184 -4.909 58.003 4.713 0.010 5.375 -8.747
11.732 0.141 -4.330 57.977 4.713 0.010 5.375 -8.748
11.733 0.103 -3.750 57.957 4.713 0.010 5.375 -8.749
11.734 0.072 -3.171 57.941 4.713 0.010 5.375 -8.750
11.734 0.046 -2.591 57.930 4.713 0.010 5.375 -8.750
11.734 0.026 -2.012 57.922 4.713 0.010 5.375 -8.751
11.735 0.011 -1.433 57.918 4.713 0.010 5.375 -8.751
11.735 0.003 -0.854 57.915 4.713 0.010 5.375 -8.751
11.735 0.000 -0.282 57.165 4.713 0.010 5.375 -8.751
