Balls_Blue_Far
301
0.000 0.006 0.574 57.405 0.000 0.010 0.000 1.125
0.000 0.011 0.574 -0.000 0.000 0.010 0.000 1.125
0.000 0.026 1.435 86.107 0.000 0.010 0.000 1.125
0.001 0.046 2.009 57.402 0.000 0.010 0.001 1.125
0.002 0.072 2.583 57.397 0.000 0.010 0.002 1.125
0.003 0.103 3.157 57.390 0.000 0.010 0.003 1.125
0.004 0.141 3.731 57.379 0.000 0.010 0.004 1.125
0.006 0.184 4.304 57.364 0.000 0.010 0.006 1.125
0.008 0.232 4.878 57.343 0.000 0.010 0.008 1.125
0.011 0.287 5.451 57.317 0.000 0.010 0.011 1.125
0.015 0.347 6.024 57.285 0.000 0.010 0.015 1.125
0.019 0.413 6.596 57.245 0.000 0.010 0.019 1.125
0.024 0.485 7.168 57.198 0.000 0.010 0.024 1.125
0.029 0.559 7.453 28.458 0.000 0.010 0.029 1.125
0.035 0.634 7.450 -0.272 0.000 0.010 0.035 1.125
0.043 0.708 7.447 -0.308 0.000 0.010 0.043 1.125
0.050 0.783 7.444 -0.344 0.000 0.010 0.050 1.125
0.059 0.857 7.440 -0.379 0.000 0.010 0.059 1.125
0.068 0.932 7.436 -0.415 0.000 0.010 0.068 1.125
0.078 1.006 7.431 -0.450 0.000 0.010 0.078 1.125
0.089 1.080 7.426 -0.485 0.000 0.010 0.089 1.125
0.101 1.154 7.421 -0.520 0.000 0.010 0.101 1.125
0.113 1.228 7.416 -0.555 0.000 0.010 0.113 1.125
0.126 1.303 7.410 -0.590 0.000 0.010 0.126 1.125
0.140 1.377 7.403 -0.624 0.000 0.010 0.140 1.125
0.154 1.451 7.397 -0.659 0.000 0.010 0.154 1.125
0.169 1.524 7.390 -0.693 0.000 0.010 0.169 1.125
0.185 1.598 7.383 -0.727 0.000 0.010 0.185 1.125
0.202 1.672 7.375 -0.761 0.000 0.010 0.202 1.125
0.220 1.746 7.367 -0.794 0.000 0.010 0.220 1.125
0.238 1.819 7.359 -0.828 0.001 0.010 0.238 1.125
0.257 1.893 7.350 -0.861 0.001 0.010 0.257 1.125
0.276 1.966 7.341 -0.895 0.001 0.010 0.276 1.125
0.297 2.040 7.332 -0.928 0.001 0.010 0.297 1.125
0.318 2.113 7.322 -0.961 0.001 0.010 0.318 1.125
0.340 2.186 7.312 -0.995 0.001 0.010 0.340 1.125
0.362 2.259 7.302 -1.028 0.001 0.010 0.362 1.125
0.386 2.332 7.292 -1.061 0.001 0.010 0.386 1.125
0.410 2.405 7.281 -1.095 0.002 0.010 0.410 1.125
0.435 2.477 7.269 -1.128 0.002 0.010 0.435 1.125
0.460 2.550 7.258 -1.162 0.002 0.010 0.460 1.125
0.486 2.622 7.246 -1.196 0.002 0.010 0.486 1.125
0.513 2.695 7.233 -1.230 0.003 0.010 0.513 1.125
0.541 2.767 7.221 -1.264 0.003 0.010 0.541 1.126
0.569 2.839 7.208 -1.299 0.003 0.010 0.569 1.126
0.598 2.911 7.194 -1.335 0.003 0.010 0.598 1.126
0.628 2.983 7.181 -1.371 0.004 0.010 0.628 1.126
0.659 3.054 7.167 -1.407 0.004 0.010 0.659 1.126
0.690 3.126 7.152 -1.444 0.005 0.010 0.690 1.126
0.722 3.197 7.137 -1.481 0.005 0.010 0.722 1.126
0.755 3.269 7.122 -1.520 0.005 0.010 0.755 1.126
0.788 3.340 7.107 -1.559 0.006 0.010 0.788 1.127
0.822 3.411 7.091 -1.600 0.007 0.010 0.822 1.127
0.857 3.481 7.074 -1.641 0.007 0.010 0.857 1.127
0.892 3.552 7.057 -1.684 0.008 0.010 0.892 1.127
0.929 3.622 7.040 -1.727 0.008 0.010 0.929 1.128
0.966 3.692 7.022 -1.773 0.009 0.010 0.966 1.128
1.003 3.762 7.004 -1.819 0.010 0.010 1.003 1.128
1.042 3.832 6.986 -1.868 0.010 0.010 1.042 1.129
1.081 3.902 6.966 -1.917 0.011 0.010 1.081 1.129
1.120 3.971 6.947 -1.969 0.012 0.010 1.120 1.130
1.161 4.041 6.926 -2.023 0.013 0.010 1.161 1.130
1.202 4.110 6.906 -2.079 0.014 0.010 1.202 1.131
1.244 4.179 6.884 -2.137 0.015 0.010 1.244 1.131
1.286 4.247 6.862 -2.198 0.016 0.010 1.286 1.132
1.329 4.316 6.840 -2.261 0.017 0.010 1.329 1.133
1.373 4.384 6.816 -2.327 0.018 0.010 1.373 1.133
1.418 4.452 6.792 -2.396 0.020 0.010 1.418 1.134
1.463 4.519 6.768 -2.468 0.021 0.010 1.463 1.135
1.509 4.587 6.742 -2.543 0.022 0.010 1.509 1.136
1.555 4.654 6.716 -2.622 0.024 0.010 1.555 1.137
1.602 4.721 6.689 -2.705 0.025 0.010 1.602 1.138
1.650 4.788 6.661 -2.792 0.027 0.010 1.650 1.140
1.699 4.854 6.632 -2.883 0.028 0.010 1.699 1.141
1.748 4.920 6.603 -2.979 0.030 0.010 1.748 1.142
1.798 4.986 6.572 -3.079 0.032 0.010 1.798 1.144
1.848 5.051 6.540 -3.184 0.034 0.010 1.848 1.145
1.900 5.116 6.507 -3.295 0.036 0.010 1.899 1.147
1.951 5.181 6.473 -3.411 0.038 0.010 1.951 1.149
2.004 5.245 6.438 -3.534 0.040 0.010 2.003 1.151
2.057 5.309 6.401 -3.662 0.042 0.010 2.057 1.153
2.111 5.373 6.363 -3.798 0.044 0.010 2.110 1.156
2.165 5.436 6.324 -3.940 0.047 0.010 2.165 1.158
2.220 5.499 6.283 -4.090 0.049 0.010 2.219 1.161
2.276 5.561 6.240 -4.248 0.052 0.010 2.275 1.164
2.332 5.623 6.196 -4.414 0.055 0.010 2.331 1.167
2.389 5.685 6.150 -4.589 0.058 0.010 2.388 1.170
2.446 5.746 6.102 -4.773 0.060 0.010 2.445 1.173
2.504 5.806 6.053 -4.967 0.064 0.010 2.503 1.177
2.563 5.866 6.001 -5.171 0.067 0.010 2.562 1.181
2.622 5.926 5.947 -5.385 0.070 0.010 2.621 1.185
2.682 5.985 5.891 -5.611 0.074 0.010 2.681 1.189
2.742 6.043 5.833 -5.848 0.077 0.010 2.741 1.193
2.803 6.101 5.772 -6.098 0.081 0.010 2.802 1.198
2.865 6.158 5.708 -6.360 0.085 0.010 2.863 1.203
2.927 6.214 5.642 -6.635 0.089 0.010 2.925 1.209
2.990 6.270 5.572 -6.926 0.094 0.010 2.987 1.215
3.053 6.325 5.500 -7.229 0.098 0.010 3.050 1.221
3.117 6.379 5.425 -7.548 0.103 0.010 3.114 1.227
3.181 6.433 5.346 -7.882 0.108 0.010 3.178 1.234
3.246 6.485 5.263 -8.231 0.113 0.010 3.242 1.241
3.311 6.537 5.177 -8.598 0.118 0.010 3.307 1.248
3.377 6.588 5.088 -8.980 0.123 0.010 3.373 1.256
3.444 6.638 4.994 -9.377 0.129 0.010 3.438 1.265
3.511 6.687 4.896 -9.793 0.135 0.010 3.505 1.274
3.578 6.735 4.794 -10.224 0.141 0.010 3.571 1.283
3.646 6.782 4.687 -10.671 0.147 0.010 3.638 1.293
3.714 6.827 4.576 -11.134 0.154 0.010 3.706 1.303
3.783 6.872 4.460 -11.611 0.161 0.010 3.774 1.314
3.852 6.915 4.339 -12.101 0.168 0.010 3.842 1.325
3.921 6.957 4.213 -12.602 0.176 0.010 3.911 1.337
3.991 6.998 4.081 -13.114 0.183 0.010 3.979 1.349
4.062 7.038 3.945 -13.631 0.192 0.010 4.049 1.362
4.133 7.076 3.804 -14.151 0.200 0.010 4.118 1.376
4.204 7.112 3.657 -14.670 0.209 0.010 4.188 1.391
4.275 7.147 3.505 -15.183 0.218 0.010 4.258 1.406
4.347 7.181 3.348 -15.682 0.227 0.010 4.328 1.422
4.419 7.213 3.187 -16.161 0.237 0.010 4.398 1.438
4.491 7.243 3.021 -16.610 0.247 0.010 4.468 1.456
4.564 7.271 2.850 -17.019 0.258 0.010 4.538 1.474
4.637 7.298 2.677 -17.374 0.269 0.010 4.609 1.493
4.710 7.323 2.500 -17.664 0.281 0.010 4.679 1.513
4.784 7.346 2.321 -17.868 0.293 0.010 4.750 1.533
4.858 7.368 2.142 -17.970 0.305 0.010 4.820 1.555
4.931 7.387 1.962 -17.949 0.318 0.010 4.891 1.578
5.005 7.405 1.784 -17.778 0.331 0.010 4.961 1.601
5.080 7.421 1.610 -17.434 0.345 0.010 5.031 1.626
5.154 7.436 1.441 -16.886 0.360 0.010 5.101 1.652
5.229 7.449 1.280 -16.103 0.375 0.010 5.170 1.678
5.303 7.460 1.130 -15.053 0.391 0.010 5.239 1.706
5.378 7.470 0.993 -13.700 0.407 0.010 5.308 1.735
5.453 7.479 0.872 -12.013 0.424 0.010 5.377 1.765
5.527 7.486 0.773 -9.955 0.441 0.010 5.445 1.797
5.602 7.493 0.698 -7.496 0.459 0.010 5.512 1.829
5.677 7.498 0.428 -26.979 0.477 0.010 5.579 1.863
5.752 7.497 -0.024 -45.249 0.497 0.010 5.645 1.898
5.827 7.493 -0.427 -40.282 0.516 0.010 5.711 1.935
5.902 7.485 -0.777 -34.969 0.537 0.010 5.775 1.972
5.977 7.475 -1.071 -29.376 0.557 0.010 5.839 2.011
6.052 7.462 -1.307 -23.593 0.579 0.010 5.902 2.051
6.126 7.447 -1.484 -17.728 0.601 0.010 5.964 2.093
6.200 7.431 -1.603 -11.907 0.623 0.010 6.025 2.135
6.274 7.414 -1.666 -6.272 0.645 0.010 6.085 2.179
6.348 7.397 -1.675 -0.975 0.668 0.010 6.143 2.224
6.422 7.381 -1.637 3.831 0.691 0.010 6.201 2.271
6.496 7.365 -1.557 7.996 0.715 0.010 6.257 2.318
6.569 7.351 -1.443 11.382 0.738 0.010 6.312 2.367
6.643 7.340 -1.094 34.929 0.762 0.010 6.366 2.417
6.716 7.335 -0.519 57.460 0.786 0.010 6.418 2.468
6.789 7.335 0.062 58.109 0.809 0.010 6.469 2.521
6.863 7.342 0.642 58.031 0.833 0.010 6.519 2.575
6.936 7.354 1.214 57.228 0.856 0.010 6.568 2.630
7.010 7.372 1.772 55.726 0.880 0.010 6.616 2.686
7.084 7.393 2.125 35.384 0.903 0.010 6.662 2.743
7.158 7.415 2.235 10.993 0.926 0.010 6.707 2.802
7.233 7.438 2.274 3.827 0.948 0.010 6.751 2.862
7.307 7.461 2.264 -0.927 0.971 0.010 6.794 2.923
7.382 7.483 2.203 -6.177 0.992 0.010 6.836 2.985
7.457 7.503 2.085 -11.771 1.014 0.010 6.876 3.049
7.532 7.523 1.909 -17.558 1.035 0.010 6.915 3.113
7.608 7.539 1.675 -23.396 1.055 0.010 6.953 3.178
7.683 7.553 1.384 -29.160 1.075 0.010 6.990 3.244
7.759 7.564 1.036 -34.740 1.094 0.010 7.025 3.311
7.835 7.570 0.636 -40.048 1.112 0.010 7.059 3.379
7.910 7.572 0.186 -45.014 1.130 0.010 7.092 3.447
7.986 7.569 -0.310 -49.590 1.148 0.010 7.124 3.516
8.062 7.562 -0.651 -34.031 1.164 0.010 7.154 3.585
8.137 7.554 -0.791 -14.006 1.181 0.010 7.184 3.654
8.213 7.545 -0.918 -12.757 1.196 0.010 7.212 3.724
8.288 7.534 -1.062 -14.419 1.211 0.010 7.239 3.795
8.363 7.522 -1.220 -15.738 1.226 0.010 7.265 3.865
8.438 7.508 -1.387 -16.751 1.240 0.010 7.290 3.936
8.513 7.493 -1.562 -17.495 1.253 0.010 7.313 4.007
8.588 7.475 -1.742 -18.002 1.266 0.010 7.336 4.078
8.662 7.456 -1.925 -18.306 1.279 0.010 7.358 4.150
8.737 7.435 -2.110 -18.436 1.291 0.010 7.379 4.221
8.811 7.412 -2.294 -18.419 1.302 0.010 7.399 4.292
8.885 7.387 -2.477 -18.278 1.313 0.010 7.419 4.364
8.958 7.361 -2.657 -18.038 1.324 0.010 7.437 4.435
9.032 7.332 -2.834 -17.715 1.334 0.010 7.455 4.506
9.105 7.302 -3.007 -17.328 1.344 0.010 7.471 4.577
9.177 7.271 -3.176 -16.890 1.353 0.010 7.487 4.648
9.250 7.237 -3.340 -16.413 1.362 0.010 7.503 4.719
9.322 7.202 -3.500 -15.910 1.371 0.010 7.517 4.789
9.394 7.166 -3.653 -15.387 1.379 0.010 7.531 4.860
9.465 7.128 -3.802 -14.854 1.387 0.010 7.544 4.930
9.536 7.088 -3.945 -14.315 1.395 0.010 7.557 4.999
9.606 7.047 -4.083 -13.778 1.403 0.010 7.569 5.069
9.676 7.005 -4.215 -13.244 1.410 0.010 7.581 5.138
9.746 6.962 -4.342 -12.719 1.417 0.010 7.592 5.207
9.815 6.917 -4.465 -12.204 1.423 0.010 7.602 5.275
9.884 6.871 -4.582 -11.702 1.429 0.010 7.612 5.343
9.952 6.824 -4.694 -11.214 1.436 0.010 7.621 5.411
10.020 6.776 -4.801 -10.743 1.441 0.010 7.630 5.478
10.087 6.727 -4.904 -10.286 1.447 0.010 7.639 5.545
10.154 6.677 -5.002 -9.848 1.453 0.010 7.647 5.611
10.220 6.626 -5.097 -9.426 1.458 0.010 7.654 5.677
10.286 6.574 -5.187 -9.021 1.463 0.010 7.662 5.742
10.351 6.522 -5.273 -8.633 1.468 0.010 7.669 5.807
10.416 6.468 -5.356 -8.262 1.472 0.010 7.675 5.871
10.480 6.414 -5.435 -7.908 1.477 0.010 7.681 5.935
10.543 6.359 -5.511 -7.570 1.481 0.010 7.687 5.998
10.606 6.303 -5.583 -7.247 1.485 0.010 7.693 6.061
10.669 6.246 -5.653 -6.940 1.489 0.010 7.698 6.123
10.731 6.189 -5.719 -6.647 1.493 0.010 7.703 6.185
10.792 6.131 -5.783 -6.369 1.496 0.010 7.707 6.246
10.853 6.073 -5.844 -6.104 1.500 0.010 7.712 6.307
10.913 6.014 -5.902 -5.851 1.503 0.010 7.716 6.367
10.972 5.954 -5.958 -5.612 1.506 0.010 7.720 6.426
11.031 5.894 -6.012 -5.384 1.510 0.010 7.724 6.485
11.090 5.833 -6.064 -5.168 1.512 0.010 7.727 6.543
11.147 5.772 -6.114 -4.962 1.515 0.010 7.730 6.601
11.205 5.711 -6.161 -4.767 1.518 0.010 7.734 6.658
11.261 5.649 -6.207 -4.582 1.521 0.010 7.736 6.714
11.317 5.586 -6.251 -4.405 1.523 0.010 7.739 6.770
11.372 5.523 -6.293 -4.238 1.526 0.010 7.742 6.825
11.427 5.460 -6.334 -4.079 1.528 0.010 7.744 6.880
11.481 5.396 -6.373 -3.928 1.530 0.010 7.746 6.934
11.534 5.332 -6.411 -3.784 1.532 0.010 7.748 6.987
11.587 5.268 -6.448 -3.648 1.534 0.010 7.750 7.040
11.639 5.203 -6.483 -3.518 1.536 0.010 7.752 7.092
11.690 5.138 -6.517 -3.394 1.538 0.010 7.754 7.143
11.741 5.072 -6.550 -3.277 1.540 0.010 7.756 7.194
11.791 5.006 -6.581 -3.165 1.542 0.010 7.757 7.244
11.840 4.940 -6.612 -3.059 1.543 0.010 7.759 7.293
11.889 4.874 -6.642 -2.958 1.545 0.010 7.760 7.342
11.937 4.807 -6.670 -2.861 1.546 0.010 7.761 7.390
11.985 4.740 -6.698 -2.770 1.548 0.010 7.762 7.437
12.031 4.673 -6.725 -2.682 1.549 0.010 7.763 7.484
12.077 4.605 -6.751 -2.599 1.550 0.010 7.764 7.530
12.123 4.538 -6.776 -2.519 1.551 0.010 7.765 7.575
12.167 4.469 -6.800 -2.443 1.553 0.010 7.766 7.620
12.211 4.401 -6.824 -2.370 1.554 0.010 7.767 7.664
12.255 4.333 -6.847 -2.300 1.555 0.010 7.767 7.707
12.297 4.264 -6.869 -2.234 1.556 0.010 7.768 7.750
12.339 4.195 -6.891 -2.170 1.557 0.010 7.769 7.792
12.381 4.126 -6.912 -2.109 1.558 0.010 7.769 7.833
12.421 4.057 -6.933 -2.050 1.559 0.010 7.770 7.874
12.461 3.987 -6.953 -1.994 1.559 0.010 7.770 7.914
12.500 3.917 -6.972 -1.939 1.560 0.010 7.771 7.953
12.539 3.848 -6.991 -1.887 1.561 0.010 7.771 7.991
12.576 3.777 -7.009 -1.837 1.561 0.010 7.771 8.029
12.613 3.707 -7.027 -1.788 1.562 0.010 7.772 8.066
12.650 3.637 -7.044 -1.742 1.563 0.010 7.772 8.103
12.686 3.566 -7.061 -1.696 1.563 0.010 7.772 8.138
12.720 3.495 -7.078 -1.652 1.564 0.010 7.773 8.173
12.755 3.424 -7.094 -1.609 1.564 0.010 7.773 8.207
12.788 3.353 -7.110 -1.568 1.565 0.010 7.773 8.241
12.821 3.282 -7.125 -1.528 1.565 0.010 7.773 8.274
12.853 3.211 -7.140 -1.488 1.566 0.010 7.773 8.306
12.885 3.139 -7.154 -1.450 1.566 0.010 7.774 8.337
12.915 3.067 -7.168 -1.412 1.566 0.010 7.774 8.368
12.945 2.996 -7.182 -1.376 1.567 0.010 7.774 8.398
12.974 2.924 -7.196 -1.340 1.567 0.010 7.774 8.427
13.003 2.852 -7.209 -1.304 1.567 0.010 7.774 8.456
13.031 2.779 -7.221 -1.269 1.568 0.010 7.774 8.484
13.058 2.707 -7.234 -1.235 1.568 0.010 7.774 8.511
13.084 2.635 -7.246 -1.201 1.568 0.010 7.774 8.537
13.110 2.562 -7.257 -1.168 1.568 0.010 7.774 8.563
13.135 2.489 -7.269 -1.135 1.568 0.010 7.774 8.587
13.159 2.417 -7.280 -1.102 1.569 0.010 7.775 8.612
13.182 2.344 -7.290 -1.069 1.569 0.010 7.775 8.635
13.205 2.271 -7.301 -1.037 1.569 0.010 7.775 8.658
13.227 2.198 -7.311 -1.005 1.569 0.010 7.775 8.680
13.248 2.124 -7.321 -0.973 1.569 0.010 7.775 8.701
13.269 2.051 -7.330 -0.941 1.569 0.010 7.775 8.721
13.289 1.978 -7.339 -0.909 1.569 0.010 7.775 8.741
13.308 1.904 -7.348 -0.877 1.569 0.010 7.775 8.760
13.326 1.831 -7.356 -0.845 1.570 0.010 7.775 8.779
13.343 1.757 -7.364 -0.813 1.570 0.010 7.775 8.796
13.360 1.683 -7.372 -0.781 1.570 0.010 7.775 8.813
13.376 1.609 -7.380 -0.749 1.570 0.010 7.775 8.829
13.392 1.536 -7.387 -0.717 1.570 0.010 7.775 8.844
13.406 1.462 -7.394 -0.685 1.570 0.010 7.775 8.859
13.420 1.388 -7.400 -0.653 1.570 0.010 7.775 8.873
13.433 1.314 -7.407 -0.621 1.570 0.010 7.775 8.886
13.446 1.239 -7.412 -0.588 1.570 0.010 7.775 8.898
13.457 1.165 -7.418 -0.556 1.570 0.010 7.775 8.910
13.468 1.091 -7.423 -0.523 1.570 0.010 7.775 8.921
13.478 1.017 -7.428 -0.491 1.570 0.010 7.775 8.931
13.488 0.942 -7.433 -0.458 1.570 0.010 7.775 8.941
13.497 0.868 -7.437 -0.425 1.570 0.010 7.775 8.949
13.504 0.794 -7.441 -0.392 1.570 0.010 7.775 8.957
13.512 0.719 -7.444 -0.358 1.570 0.010 7.775 8.964
13.518 0.645 -7.448 -0.325 1.570 0.010 7.775 8.971
13.524 0.570 -7.451 -0.292 1.570 0.010 7.775 8.977
13.529 0.496 -7.453 -0.258 1.570 0.010 7.775 8.982
13.533 0.424 -7.210 24.320 1.570 0.010 7.775 8.986
13.537 0.357 -6.679 53.056 1.570 0.010 7.775 8.989
13.540 0.296 -6.107 57.250 1.570 0.010 7.775 8.992
13.542 0.240 -5.534 57.288 1.570 0.010 7.775 8.995
13.544 0.191 -4.961 57.319 1.570 0.010 7.775 8.997
13.545 0.147 -4.387 57.344 1.570 0.010 7.775 8.998
13.546 0.109 -3.814 57.364 1.570 0.010 7.775 8.999
13.547 0.076 -3.240 57.379 1.570 0.010 7.775 9.000
13.548 0.050 -2.666 57.390 1.570 0.010 7.775 9.000
13.548 0.029 -2.092 57.397 1.570 0.010 7.775 9.001
13.548 0.014 -1.518 57.402 1.570 0.010 7.775 9.001
13.548 0.004 -0.944 57.404 1.570 0.010 7.775 9.001
13.548 0.000 -0.370 57.405 1.570 0.010 7.775 9.001
13.548 0.000 -0.042 32.854 1.570 0.010 7.775 9.001
0.000 0.006 0.574 57.405 0.000 0.010 0.000 -1.125
0.000 0.011 0.574 0.000 0.000 0.010 0.000 -1.125
0.000 0.026 1.435 86.109 0.000 0.010 0.000 -1.125
0.001 0.046 2.009 57.409 0.000 0.010 0.001 -1.125
0.002 0.072 2.583 57.413 0.000 0.010 0.002 -1.125
0.003 0.103 3.158 57.421 0.000 0.010 0.003 -1.125
0.004 0.141 3.732 57.432 0.000 0.010 0.004 -1.125
0.006 0.184 4.306 57.447 0.000 0.010 0.006 -1.125
0.008 0.233 4.881 57.467 0.000 0.010 0.008 -1.125
0.011 0.287 5.456 57.493 0.000 0.010 0.011 -1.125
0.015 0.347 6.031 57.526 0.000 0.010 0.015 -1.125
0.019 0.413 6.607 57.565 0.000 0.010 0.019 -1.125
0.024 0.485 7.183 57.613 0.000 0.010 0.024 -1.125
0.029 0.560 7.472 28.948 0.000 0.010 0.029 -1.125
0.035 0.635 7.475 0.272 0.000 0.010 0.035 -1.125
0.043 0.710 7.478 0.308 0.000 0.010 0.043 -1.125
0.050 0.784 7.482 0.344 0.000 0.010 0.050 -1.125
0.059 0.859 7.486 0.379 0.000 0.010 0.059 -1.125
0.068 0.934 7.490 0.415 0.000 0.010 0.068 -1.125
0.078 1.009 7.494 0.450 0.000 0.010 0.078 -1.125
0.089 1.084 7.499 0.485 0.000 0.010 0.089 -1.125
0.101 1.159 7.504 0.520 0.000 0.010 0.101 -1.125
0.113 1.234 7.510 0.555 0.000 0.010 0.113 -1.125
0.126 1.309 7.516 0.590 0.000 0.010 0.126 -1.125
0.140 1.385 7.522 0.624 0.000 0.010 0.140 -1.125
0.155 1.460 7.528 0.659 0.000 0.010 0.155 -1.125
0.170 1.535 7.535 0.693 0.000 0.010 0.170 -1.125
0.186 1.611 7.543 0.727 0.000 0.010 0.186 -1.125
0.203 1.686 7.550 0.761 0.000 0.010 0.203 -1.125
0.221 1.762 7.558 0.794 0.000 0.010 0.221 -1.125
0.239 1.837 7.567 0.828 0.001 0.010 0.239 -1.125
0.258 1.913 7.575 0.861 0.001 0.010 0.258 -1.125
0.278 1.989 7.584 0.895 0.001 0.010 0.278 -1.125
0.299 2.065 7.593 0.928 0.001 0.010 0.299 -1.125
0.320 2.141 7.603 0.961 0.001 0.010 0.320 -1.125
0.342 2.217 7.613 0.995 0.001 0.010 0.342 -1.125
0.365 2.293 7.623 1.028 0.001 0.010 0.365 -1.125
0.389 2.370 7.634 1.061 0.001 0.010 0.389 -1.125
0.413 2.446 7.645 1.095 0.002 0.010 0.413 -1.125
0.439 2.523 7.656 1.128 0.002 0.010 0.439 -1.125
0.465 2.599 7.668 1.162 0.002 0.010 0.465 -1.125
0.491 2.676 7.680 1.196 0.002 0.010 0.491 -1.125
0.519 2.753 7.692 1.230 0.003 0.010 0.519 -1.125
0.547 2.830 7.705 1.265 0.003 0.010 0.547 -1.124
0.576 2.907 7.718 1.299 0.003 0.010 0.576 -1.124
0.606 2.985 7.731 1.335 0.003 0.010 0.606 -1.124
0.637 3.062 7.745 1.370 0.004 0.010 0.637 -1.124
0.668 3.140 7.759 1.407 0.004 0.010 0.668 -1.124
0.700 3.217 7.773 1.444 0.005 0.010 0.700 -1.124
0.733 3.295 7.788 1.481 0.005 0.010 0.733 -1.124
0.767 3.373 7.803 1.520 0.005 0.010 0.767 -1.124
0.802 3.451 7.819 1.559 0.006 0.010 0.802 -1.123
0.837 3.530 7.835 1.600 0.007 0.010 0.837 -1.123
0.873 3.608 7.851 1.641 0.007 0.010 0.873 -1.123
0.910 3.687 7.868 1.683 0.008 0.010 0.910 -1.123
0.947 3.766 7.885 1.728 0.008 0.010 0.947 -1.122
0.986 3.845 7.903 1.772 0.009 0.010 0.986 -1.122
1.025 3.924 7.921 1.819 0.010 0.010 1.025 -1.122
1.065 4.003 7.940 1.867 0.010 0.010 1.065 -1.121
1.106 4.083 7.959 1.917 0.011 0.010 1.106 -1.121
1.148 4.163 7.979 1.969 0.012 0.010 1.148 -1.120
1.190 4.243 7.999 2.023 0.013 0.010 1.190 -1.120
1.233 4.323 8.020 2.079 0.014 0.010 1.233 -1.119
1.277 4.403 8.041 2.137 0.015 0.010 1.277 -1.119
1.322 4.484 8.063 2.198 0.016 0.010 1.322 -1.118
1.368 4.565 8.086 2.261 0.017 0.010 1.368 -1.117
1.414 4.646 8.109 2.327 0.018 0.010 1.414 -1.116
1.462 4.727 8.133 2.396 0.020 0.010 1.461 -1.115
1.510 4.809 8.158 2.468 0.021 0.010 1.510 -1.114
1.559 4.891 8.183 2.543 0.022 0.010 1.558 -1.113
1.608 4.973 8.209 2.622 0.024 0.010 1.608 -1.112
1.659 5.055 8.236 2.705 0.025 0.010 1.659 -1.111
1.710 5.138 8.264 2.792 0.027 0.010 1.710 -1.110
1.762 5.221 8.293 2.883 0.028 0.010 1.762 -1.108
1.815 5.304 8.323 2.978 0.030 0.010 1.815 -1.107
1.869 5.388 8.354 3.079 0.032 0.010 1.869 -1.105
1.924 5.471 8.385 3.184 0.034 0.010 1.924 -1.103
1.980 5.556 8.418 3.295 0.036 0.010 1.979 -1.101
2.036 5.640 8.452 3.411 0.038 0.010 2.036 -1.099
2.093 5.725 8.488 3.533 0.040 0.010 2.093 -1.097
2.151 5.810 8.524 3.663 0.042 0.010 2.151 -1.095
2.210 5.896 8.562 3.797 0.044 0.010 2.210 -1.092
2.270 5.982 8.602 3.940 0.047 0.010 2.270 -1.089
2.331 6.068 8.643 4.090 0.049 0.010 2.330 -1.087
2.392 6.155 8.685 4.248 0.052 0.010 2.392 -1.083
2.455 6.242 8.729 4.414 0.055 0.010 2.454 -1.080
2.518 6.330 8.775 4.589 0.058 0.010 2.517 -1.077
2.582 6.418 8.823 4.773 0.060 0.010 2.581 -1.073
2.647 6.507 8.873 4.967 0.064 0.010 2.646 -1.069
2.713 6.596 8.924 5.170 0.067 0.010 2.712 -1.064
2.780 6.686 8.978 5.385 0.070 0.010 2.779 -1.060
2.848 6.777 9.034 5.610 0.074 0.010 2.846 -1.055
2.917 6.867 9.093 5.848 0.077 0.010 2.915 -1.050
2.986 6.959 9.154 6.097 0.081 0.010 2.984 -1.044
3.057 7.051 9.217 6.359 0.085 0.010 3.054 -1.038
3.128 7.144 9.284 6.636 0.089 0.010 3.126 -1.032
3.200 7.238 9.353 6.924 0.094 0.010 3.198 -1.026
3.274 7.332 9.425 7.228 0.098 0.010 3.271 -1.019
3.348 7.427 9.501 7.547 0.103 0.010 3.345 -1.011
3.423 7.523 9.579 7.881 0.108 0.010 3.419 -1.003
3.499 7.619 9.662 8.231 0.113 0.010 3.495 -0.995
3.577 7.717 9.748 8.596 0.118 0.010 3.572 -0.986
3.655 7.815 9.838 8.978 0.123 0.010 3.649 -0.977
3.734 7.914 9.931 9.377 0.129 0.010 3.728 -0.967
3.814 8.015 10.029 9.791 0.135 0.010 3.807 -0.956
3.895 8.116 10.131 10.223 0.141 0.010 3.888 -0.945
3.977 8.218 10.238 10.669 0.147 0.010 3.969 -0.933
4.061 8.322 10.349 11.132 0.154 0.010 4.051 -0.921
4.145 8.427 10.466 11.609 0.161 0.010 4.135 -0.907
4.230 8.532 10.587 12.098 0.168 0.010 4.219 -0.893
4.317 8.639 10.713 12.600 0.176 0.010 4.304 -0.879
4.404 8.748 10.844 13.110 0.183 0.010 4.390 -0.863
4.493 8.858 10.980 13.628 0.192 0.010 4.477 -0.846
4.582 8.969 11.121 14.148 0.200 0.010 4.565 -0.829
4.673 9.082 11.268 14.667 0.209 0.010 4.654 -0.811
4.765 9.196 11.420 15.179 0.218 0.010 4.744 -0.791
4.858 9.312 11.577 15.678 0.227 0.010 4.835 -0.771
4.953 9.429 11.738 16.156 0.237 0.010 4.926 -0.749
5.048 9.548 11.904 16.605 0.247 0.010 5.019 -0.726
5.145 9.669 12.074 17.013 0.258 0.010 5.113 -0.702
5.243 9.791 12.248 17.369 0.269 0.010 5.207 -0.676
5.342 9.915 12.425 17.656 0.281 0.010 5.303 -0.649
5.442 10.042 12.603 17.861 0.293 0.010 5.399 -0.621
5.544 10.169 12.783 17.964 0.305 0.010 5.496 -0.591
5.647 10.299 12.962 17.940 0.318 0.010 5.594 -0.560
5.751 10.430 13.140 17.770 0.331 0.010 5.693 -0.526
5.857 10.564 13.314 17.425 0.345 0.010 5.793 -0.491
5.964 10.698 13.483 16.876 0.360 0.010 5.893 -0.454
6.072 10.835 13.644 16.093 0.375 0.010 5.994 -0.415
6.182 10.973 13.794 15.042 0.391 0.010 6.096 -0.374
6.293 11.112 13.931 13.691 0.407 0.010 6.198 -0.331
6.406 11.253 14.051 12.002 0.424 0.010 6.301 -0.286
6.519 11.394 14.151 9.944 0.441 0.010 6.405 -0.238
6.635 11.536 14.226 7.486 0.459 0.010 6.509 -0.188
6.752 11.676 13.921 -30.434 0.477 0.010 6.613 -0.135
6.870 11.808 13.226 -69.566 0.497 0.010 6.717 -0.080
6.989 11.933 12.480 -74.529 0.516 0.010 6.822 -0.022
7.110 12.049 11.682 -79.841 0.537 0.010 6.926 0.038
7.231 12.158 10.828 -85.431 0.557 0.010 7.030 0.102
7.354 12.257 9.915 -91.211 0.579 0.010 7.133 0.168
7.477 12.346 8.945 -97.074 0.601 0.010 7.235 0.236
7.601 12.425 7.916 -102.891 0.623 0.010 7.337 0.308
7.726 12.494 6.831 -108.523 0.645 0.010 7.438 0.382
7.852 12.551 5.692 -113.817 0.668 0.010 7.537 0.458
7.978 12.596 4.506 -118.621 0.691 0.010 7.635 0.537
8.104 12.629 3.278 -122.783 0.715 0.010 7.732 0.619
8.231 12.649 2.017 -126.167 0.738 0.010 7.826 0.703
8.357 12.660 1.094 -92.311 0.762 0.010 7.919 0.789
8.484 12.665 0.519 -57.440 0.786 0.010 8.009 0.878
8.610 12.664 -0.062 -58.089 0.809 0.010 8.098 0.969
8.737 12.658 -0.642 -58.011 0.833 0.010 8.184 1.061
8.863 12.646 -1.214 -57.209 0.856 0.010 8.268 1.156
8.990 12.628 -1.771 -55.707 0.880 0.010 8.350 1.252
9.116 12.602 -2.616 -84.467 0.903 0.010 8.429 1.350
9.241 12.564 -3.790 -117.478 0.926 0.010 8.505 1.450
9.367 12.514 -4.977 -118.616 0.948 0.010 8.580 1.551
9.491 12.453 -6.115 -113.865 0.971 0.010 8.651 1.652
9.615 12.381 -7.201 -108.617 0.992 0.010 8.720 1.755
9.738 12.299 -8.232 -103.027 1.014 0.010 8.786 1.859
9.860 12.207 -9.204 -97.243 1.035 0.010 8.849 1.963
9.981 12.105 -10.118 -91.408 1.055 0.010 8.910 2.068
10.101 11.996 -10.975 -85.647 1.075 0.010 8.968 2.173
10.220 11.878 -11.775 -80.069 1.094 0.010 9.024 2.278
10.337 11.753 -12.523 -74.763 1.112 0.010 9.077 2.383
10.453 11.620 -13.221 -69.800 1.130 0.010 9.127 2.488
10.568 11.482 -13.873 -65.225 1.148 0.010 9.175 2.592
10.682 11.340 -14.190 -31.683 1.164 0.010 9.221 2.696
10.794 11.198 -14.133 5.693 1.181 0.010 9.265 2.799
10.904 11.058 -14.006 12.748 1.196 0.010 9.306 2.901
11.013 10.920 -13.862 14.408 1.211 0.010 9.345 3.003
11.121 10.783 -13.704 15.728 1.226 0.010 9.382 3.105
11.228 10.647 -13.537 16.742 1.240 0.010 9.417 3.205
11.333 10.514 -13.362 17.485 1.253 0.010 9.451 3.305
11.437 10.382 -13.182 17.993 1.266 0.010 9.483 3.404
11.539 10.252 -12.999 18.297 1.279 0.010 9.513 3.502
11.640 10.124 -12.815 18.428 1.291 0.010 9.541 3.599
11.740 9.998 -12.631 18.411 1.302 0.010 9.569 3.695
11.839 9.873 -12.448 18.272 1.313 0.010 9.594 3.790
11.937 9.750 -12.268 18.031 1.324 0.010 9.619 3.885
12.033 9.629 -12.091 17.709 1.334 0.010 9.642 3.978
12.128 9.510 -11.917 17.322 1.344 0.010 9.664 4.071
12.222 9.393 -11.749 16.884 1.353 0.010 9.684 4.162
12.315 9.277 -11.584 16.409 1.362 0.010 9.704 4.253
12.406 9.163 -11.425 15.904 1.371 0.010 9.722 4.343
12.497 9.050 -11.272 15.383 1.379 0.010 9.740 4.431
12.586 8.939 -11.123 14.850 1.387 0.010 9.757 4.519
12.675 8.829 -10.980 14.312 1.395 0.010 9.772 4.606
12.762 8.721 -10.842 13.774 1.403 0.010 9.787 4.692
12.848 8.613 -10.710 13.242 1.410 0.010 9.802 4.777
12.933 8.508 -10.583 12.716 1.417 0.010 9.815 4.861
13.017 8.403 -10.461 12.202 1.423 0.010 9.828 4.944
13.100 8.300 -10.344 11.700 1.429 0.010 9.839 5.026
13.182 8.197 -10.231 11.213 1.436 0.010 9.851 5.107
13.263 8.096 -10.124 10.740 1.441 0.010 9.861 5.188
13.343 7.996 -10.021 10.286 1.447 0.010 9.872 5.267
13.422 7.897 -9.923 9.846 1.453 0.010 9.881 5.345
13.500 7.798 -9.828 9.424 1.458 0.010 9.890 5.423
13.577 7.701 -9.738 9.020 1.463 0.010 9.899 5.499
13.653 7.604 -9.652 8.632 1.468 0.010 9.907 5.575
13.728 7.509 -9.569 8.261 1.472 0.010 9.914 5.650
13.802 7.414 -9.490 7.907 1.477 0.010 9.921 5.724
13.875 7.320 -9.415 7.569 1.481 0.010 9.928 5.796
13.948 7.226 -9.342 7.246 1.485 0.010 9.934 5.868
14.019 7.133 -9.273 6.939 1.489 0.010 9.940 5.939
14.089 7.041 -9.206 6.647 1.493 0.010 9.946 6.010
14.159 6.950 -9.143 6.368 1.496 0.010 9.951 6.079
14.227 6.859 -9.082 6.103 1.500 0.010 9.956 6.147
14.295 6.769 -9.023 5.851 1.503 0.010 9.961 6.215
14.362 6.679 -8.967 5.611 1.506 0.010 9.965 6.282
14.428 6.590 -8.913 5.384 1.510 0.010 9.969 6.347
14.493 6.502 -8.861 5.167 1.512 0.010 9.973 6.412
14.557 6.413 -8.812 4.962 1.515 0.010 9.977 6.476
14.620 6.326 -8.764 4.767 1.518 0.010 9.980 6.539
14.683 6.239 -8.718 4.581 1.521 0.010 9.984 6.602
14.744 6.152 -8.674 4.405 1.523 0.010 9.987 6.663
14.805 6.066 -8.632 4.238 1.526 0.010 9.989 6.724
14.865 5.980 -8.591 4.079 1.528 0.010 9.992 6.783
14.924 5.894 -8.552 3.928 1.530 0.010 9.995 6.842
14.982 5.809 -8.514 3.784 1.532 0.010 9.997 6.900
15.039 5.724 -8.478 3.647 1.534 0.010 9.999 6.958
15.095 5.640 -8.442 3.518 1.536 0.010 10.001 7.014
15.151 5.556 -8.408 3.394 1.538 0.010 10.003 7.070
15.206 5.472 -8.376 3.277 1.540 0.010 10.005 7.124
15.259 5.388 -8.344 3.166 1.542 0.010 10.006 7.178
15.312 5.305 -8.313 3.059 1.543 0.010 10.008 7.231
15.365 5.223 -8.284 2.958 1.545 0.010 10.009 7.283
15.416 5.140 -8.255 2.861 1.546 0.010 10.010 7.335
15.467 5.058 -8.228 2.769 1.548 0.010 10.012 7.385
15.516 4.976 -8.201 2.682 1.549 0.010 10.013 7.435
15.565 4.894 -8.175 2.598 1.550 0.010 10.014 7.484
15.613 4.812 -8.150 2.519 1.551 0.010 10.015 7.532
15.661 4.731 -8.125 2.443 1.553 0.010 10.016 7.579
15.707 4.650 -8.101 2.370 1.554 0.010 10.016 7.626
15.753 4.569 -8.078 2.300 1.555 0.010 10.017 7.672
15.798 4.489 -8.056 2.234 1.556 0.010 10.018 7.716
15.842 4.408 -8.034 2.170 1.557 0.010 10.019 7.760
15.885 4.328 -8.013 2.109 1.558 0.010 10.019 7.804
15.928 4.248 -7.993 2.050 1.559 0.010 10.020 7.846
15.969 4.169 -7.973 1.993 1.559 0.010 10.020 7.888
16.010 4.089 -7.953 1.940 1.560 0.010 10.021 7.929
16.050 4.010 -7.935 1.887 1.561 0.010 10.021 7.969
16.090 3.931 -7.916 1.837 1.561 0.010 10.021 8.008
16.128 3.852 -7.898 1.789 1.562 0.010 10.022 8.047
16.166 3.773 -7.881 1.741 1.563 0.010 10.022 8.084
16.203 3.694 -7.864 1.696 1.563 0.010 10.022 8.121
16.239 3.616 -7.847 1.652 1.564 0.010 10.023 8.158
16.274 3.537 -7.831 1.610 1.564 0.010 10.023 8.193
16.309 3.459 -7.816 1.568 1.565 0.010 10.023 8.228
16.343 3.381 -7.800 1.528 1.565 0.010 10.023 8.261
16.376 3.303 -7.785 1.488 1.566 0.010 10.023 8.294
16.408 3.226 -7.771 1.450 1.566 0.010 10.024 8.327
16.440 3.148 -7.757 1.413 1.566 0.010 10.024 8.358
16.470 3.071 -7.743 1.376 1.567 0.010 10.024 8.389
16.500 2.993 -7.730 1.340 1.567 0.010 10.024 8.419
16.529 2.916 -7.717 1.304 1.567 0.010 10.024 8.448
16.558 2.839 -7.704 1.269 1.568 0.010 10.024 8.476
16.585 2.762 -7.692 1.235 1.568 0.010 10.024 8.504
16.612 2.685 -7.680 1.201 1.568 0.010 10.024 8.531
16.638 2.609 -7.668 1.168 1.568 0.010 10.024 8.557
16.664 2.532 -7.657 1.135 1.568 0.010 10.024 8.582
16.688 2.456 -7.646 1.102 1.569 0.010 10.025 8.607
16.712 2.379 -7.635 1.069 1.569 0.010 10.025 8.631
16.735 2.303 -7.625 1.037 1.569 0.010 10.025 8.654
16.757 2.227 -7.614 1.005 1.569 0.010 10.025 8.676
16.779 2.151 -7.605 0.973 1.569 0.010 10.025 8.697
16.800 2.075 -7.595 0.941 1.569 0.010 10.025 8.718
16.820 1.999 -7.586 0.909 1.569 0.010 10.025 8.738
16.839 1.923 -7.577 0.877 1.569 0.010 10.025 8.757
16.857 1.848 -7.569 0.845 1.570 0.010 10.025 8.776
16.875 1.772 -7.561 0.813 1.570 0.010 10.025 8.794
16.892 1.697 -7.553 0.781 1.570 0.010 10.025 8.810
16.908 1.621 -7.546 0.749 1.570 0.010 10.025 8.827
16.924 1.546 -7.538 0.717 1.570 0.010 10.025 8.842
16.938 1.470 -7.532 0.685 1.570 0.010 10.025 8.857
16.952 1.395 -7.525 0.653 1.570 0.010 10.025 8.871
16.966 1.320 -7.519 0.621 1.570 0.010 10.025 8.884
16.978 1.245 -7.513 0.588 1.570 0.010 10.025 8.896
16.990 1.170 -7.507 0.556 1.570 0.010 10.025 8.908
17.001 1.095 -7.502 0.523 1.570 0.010 10.025 8.919
17.011 1.020 -7.497 0.491 1.570 0.010 10.025 8.929
17.020 0.945 -7.493 0.458 1.570 0.010 10.025 8.939
17.029 0.870 -7.488 0.425 1.570 0.010 10.025 8.947
17.037 0.795 -7.484 0.392 1.570 0.010 10.025 8.955
17.044 0.720 -7.481 0.358 1.570 0.010 10.025 8.963
17.051 0.646 -7.478 0.325 1.570 0.010 10.025 8.969
17.056 0.571 -7.475 0.292 1.570 0.010 10.025 8.975
17.061 0.496 -7.472 0.258 1.570 0.010 10.025 8.980
17.065 0.424 -7.224 24.784 1.570 0.010 10.025 8.984
17.069 0.357 -6.690 53.453 1.570 0.010 10.025 8.988
17.072 0.296 -6.114 57.560 1.570 0.010 10.025 8.991
17.074 0.240 -5.539 57.522 1.570 0.010 10.025 8.993
17.076 0.191 -4.964 57.491 1.570 0.010 10.025 8.995
17.078 0.147 -4.389 57.466 1.570 0.010 10.025 8.996
17.079 0.109 -3.815 57.447 1.570 0.010 10.025 8.997
17.080 0.076 -3.241 57.432 1.570 0.010 10.025 8.998
17.080 0.050 -2.666 57.421 1.570 0.010 10.025 8.999
17.080 0.029 -2.092 57.414 1.570 0.010 10.025 8.999
17.081 0.014 -1.518 57.409 1.570 0.010 10.025 8.999
17.081 0.004 -0.944 57.407 1.570 0.010 10.025 8.999
17.081 0.000 -0.370 57.406 1.570 0.010 10.025 8.999
17.081 0.000 -0.042 32.854 1.570 0.010 10.025 8.999
