Balls_Blue_Close
291
0.000 0.006 0.559 55.920 0.000 0.010 0.000 1.125
0.000 0.011 0.559 -0.000 0.000 0.010 0.000 1.125
0.000 0.025 1.398 83.878 0.000 0.010 0.000 1.125
0.001 0.045 1.957 55.914 0.000 0.010 0.001 1.125
0.002 0.070 2.516 55.906 0.000 0.010 0.002 1.125
0.003 0.101 3.075 55.893 0.000 0.010 0.003 1.125
0.004 0.137 3.634 55.875 0.000 0.010 0.004 1.125
0.006 0.179 4.192 55.849 0.000 0.010 0.006 1.125
0.008 0.226 4.750 55.814 0.000 0.010 0.008 1.125
0.011 0.279 5.308 55.770 0.000 0.010 0.011 1.125
0.014 0.338 5.865 55.715 0.000 0.010 0.014 1.125
0.018 0.402 6.422 55.648 0.000 0.010 0.018 1.125
0.023 0.469 6.698 27.632 0.000 0.010 0.023 1.125
0.028 0.536 6.694 -0.368 0.000 0.010 0.028 1.125
0.034 0.603 6.690 -0.419 0.000 0.010 0.034 1.125
0.041 0.670 6.686 -0.471 0.000 0.010 0.041 1.125
0.048 0.737 6.680 -0.522 0.000 0.010 0.048 1.125
0.056 0.804 6.675 -0.572 0.000 0.010 0.056 1.125
0.065 0.870 6.668 -0.623 0.000 0.010 0.065 1.125
0.074 0.937 6.662 -0.672 0.000 0.010 0.074 1.125
0.084 1.003 6.654 -0.722 0.000 0.010 0.084 1.125
0.095 1.070 6.647 -0.771 0.000 0.010 0.095 1.125
0.107 1.136 6.639 -0.820 0.000 0.010 0.107 1.125
0.119 1.203 6.630 -0.868 0.000 0.010 0.119 1.125
0.131 1.269 6.621 -0.915 0.000 0.010 0.131 1.125
0.145 1.335 6.611 -0.963 0.000 0.010 0.145 1.125
0.159 1.401 6.601 -1.010 0.000 0.010 0.159 1.125
0.173 1.467 6.590 -1.056 0.001 0.010 0.173 1.125
0.189 1.533 6.579 -1.103 0.001 0.010 0.189 1.125
0.205 1.598 6.568 -1.149 0.001 0.010 0.205 1.125
0.221 1.664 6.556 -1.194 0.001 0.010 0.221 1.125
0.239 1.729 6.544 -1.240 0.001 0.010 0.239 1.125
0.256 1.795 6.531 -1.285 0.001 0.010 0.256 1.125
0.275 1.860 6.517 -1.331 0.001 0.010 0.275 1.125
0.294 1.925 6.504 -1.376 0.001 0.010 0.294 1.125
0.314 1.990 6.489 -1.422 0.002 0.010 0.314 1.125
0.335 2.054 6.475 -1.467 0.002 0.010 0.335 1.125
0.356 2.119 6.460 -1.513 0.002 0.010 0.356 1.125
0.378 2.183 6.444 -1.560 0.002 0.010 0.378 1.125
0.400 2.248 6.428 -1.607 0.003 0.010 0.400 1.125
0.423 2.312 6.411 -1.654 0.003 0.010 0.423 1.125
0.447 2.376 6.394 -1.702 0.003 0.010 0.447 1.126
0.472 2.440 6.377 -1.752 0.004 0.010 0.472 1.126
0.497 2.503 6.359 -1.802 0.004 0.010 0.497 1.126
0.522 2.567 6.340 -1.853 0.005 0.010 0.522 1.126
0.549 2.630 6.321 -1.906 0.005 0.010 0.549 1.126
0.575 2.693 6.302 -1.960 0.006 0.010 0.575 1.126
0.603 2.756 6.281 -2.016 0.006 0.010 0.603 1.126
0.631 2.818 6.261 -2.074 0.007 0.010 0.631 1.126
0.660 2.881 6.239 -2.134 0.007 0.010 0.660 1.127
0.689 2.943 6.217 -2.196 0.008 0.010 0.689 1.127
0.719 3.005 6.195 -2.262 0.009 0.010 0.719 1.127
0.750 3.066 6.172 -2.329 0.010 0.010 0.750 1.127
0.781 3.128 6.148 -2.400 0.010 0.010 0.781 1.128
0.813 3.189 6.123 -2.475 0.011 0.010 0.813 1.128
0.846 3.250 6.097 -2.553 0.012 0.010 0.846 1.128
0.879 3.311 6.071 -2.634 0.013 0.010 0.879 1.129
0.913 3.371 6.044 -2.721 0.014 0.010 0.913 1.129
0.947 3.431 6.016 -2.811 0.015 0.010 0.947 1.130
0.982 3.491 5.987 -2.908 0.017 0.010 0.982 1.130
1.017 3.551 5.956 -3.009 0.018 0.010 1.017 1.131
1.053 3.610 5.925 -3.116 0.019 0.010 1.053 1.132
1.090 3.669 5.893 -3.229 0.021 0.010 1.090 1.132
1.127 3.728 5.859 -3.349 0.022 0.010 1.127 1.133
1.165 3.786 5.825 -3.476 0.024 0.010 1.165 1.134
1.204 3.844 5.789 -3.612 0.025 0.010 1.204 1.135
1.243 3.901 5.751 -3.755 0.027 0.010 1.243 1.136
1.282 3.958 5.712 -3.909 0.029 0.010 1.282 1.137
1.322 4.015 5.671 -4.070 0.031 0.010 1.322 1.138
1.363 4.071 5.629 -4.243 0.033 0.010 1.363 1.140
1.404 4.127 5.585 -4.427 0.035 0.010 1.404 1.141
1.446 4.183 5.538 -4.623 0.037 0.010 1.446 1.143
1.489 4.238 5.490 -4.832 0.039 0.010 1.488 1.144
1.532 4.292 5.439 -5.054 0.042 0.010 1.531 1.146
1.575 4.346 5.387 -5.292 0.044 0.010 1.575 1.148
1.619 4.399 5.331 -5.544 0.047 0.010 1.619 1.150
1.664 4.452 5.273 -5.815 0.050 0.010 1.663 1.152
1.709 4.504 5.212 -6.103 0.052 0.010 1.708 1.154
1.754 4.555 5.148 -6.411 0.055 0.010 1.754 1.157
1.800 4.606 5.080 -6.740 0.059 0.010 1.800 1.159
1.847 4.656 5.009 -7.093 0.062 0.010 1.846 1.162
1.894 4.706 4.935 -7.469 0.066 0.010 1.893 1.165
1.941 4.754 4.856 -7.871 0.069 0.010 1.940 1.168
1.989 4.802 4.773 -8.302 0.073 0.010 1.988 1.172
2.038 4.849 4.685 -8.762 0.077 0.010 2.037 1.175
2.087 4.895 4.593 -9.254 0.081 0.010 2.086 1.179
2.136 4.940 4.495 -9.782 0.086 0.010 2.135 1.183
2.186 4.984 4.392 -10.346 0.090 0.010 2.184 1.188
2.236 5.026 4.282 -10.949 0.095 0.010 2.234 1.192
2.287 5.068 4.166 -11.595 0.100 0.010 2.285 1.197
2.338 5.109 4.043 -12.286 0.105 0.010 2.336 1.202
2.390 5.148 3.913 -13.025 0.111 0.010 2.387 1.208
2.441 5.185 3.775 -13.815 0.117 0.010 2.438 1.214
2.494 5.222 3.628 -14.660 0.123 0.010 2.490 1.220
2.546 5.256 3.473 -15.562 0.129 0.010 2.542 1.227
2.599 5.290 3.308 -16.523 0.136 0.010 2.595 1.234
2.652 5.321 3.132 -17.550 0.143 0.010 2.648 1.241
2.706 5.350 2.946 -18.641 0.150 0.010 2.700 1.249
2.760 5.378 2.748 -19.802 0.158 0.010 2.754 1.257
2.814 5.403 2.537 -21.033 0.166 0.010 2.807 1.266
2.868 5.426 2.314 -22.336 0.174 0.010 2.860 1.275
2.922 5.447 2.077 -23.710 0.183 0.010 2.914 1.285
2.977 5.465 1.825 -25.154 0.192 0.010 2.968 1.295
3.032 5.481 1.559 -26.667 0.202 0.010 3.021 1.306
3.087 5.494 1.276 -28.240 0.212 0.010 3.075 1.317
3.142 5.503 0.977 -29.868 0.223 0.010 3.129 1.329
3.197 5.510 0.662 -31.537 0.234 0.010 3.183 1.341
3.252 5.513 0.330 -33.232 0.246 0.010 3.236 1.355
3.307 5.513 -0.019 -34.928 0.259 0.010 3.290 1.368
3.362 5.509 -0.385 -36.597 0.272 0.010 3.343 1.383
3.417 5.502 -0.767 -38.200 0.285 0.010 3.396 1.398
3.472 5.490 -1.164 -39.689 0.300 0.010 3.448 1.414
3.527 5.474 -1.574 -41.002 0.315 0.010 3.500 1.430
3.581 5.454 -1.995 -42.065 0.331 0.010 3.552 1.448
3.636 5.430 -2.423 -42.785 0.348 0.010 3.603 1.466
3.690 5.402 -2.853 -43.053 0.365 0.010 3.654 1.484
3.743 5.369 -3.281 -42.739 0.384 0.010 3.704 1.504
3.797 5.332 -3.698 -41.693 0.403 0.010 3.753 1.525
3.850 5.291 -4.095 -39.745 0.424 0.010 3.802 1.546
3.902 5.246 -4.462 -36.707 0.445 0.010 3.849 1.568
3.954 5.198 -4.786 -32.380 0.467 0.010 3.896 1.591
4.006 5.148 -5.052 -26.555 0.491 0.010 3.941 1.615
4.057 5.095 -5.242 -19.038 0.515 0.010 3.986 1.639
4.107 5.042 -5.339 -9.653 0.541 0.010 4.030 1.664
4.157 4.989 -5.321 1.723 0.567 0.010 4.072 1.691
4.206 4.937 -5.170 15.146 0.595 0.010 4.113 1.718
4.255 4.888 -4.864 30.564 0.624 0.010 4.153 1.746
4.304 4.845 -4.386 47.794 0.654 0.010 4.192 1.775
4.352 4.807 -3.721 66.496 0.684 0.010 4.230 1.804
4.399 4.779 -2.860 86.158 0.716 0.010 4.267 1.835
4.447 4.761 -1.799 106.096 0.748 0.010 4.302 1.867
4.495 4.755 -0.544 125.476 0.781 0.010 4.336 1.900
4.542 4.764 0.890 143.363 0.814 0.010 4.370 1.934
4.590 4.789 2.478 158.792 0.848 0.010 4.402 1.969
4.638 4.829 4.030 155.225 0.882 0.010 4.433 2.006
4.687 4.884 5.500 147.035 0.916 0.010 4.464 2.044
4.737 4.954 6.988 148.747 0.950 0.010 4.493 2.084
4.787 5.039 8.433 144.560 0.983 0.010 4.522 2.126
4.839 5.136 9.781 134.768 1.016 0.010 4.550 2.169
4.891 5.246 10.981 120.052 1.049 0.010 4.576 2.214
4.945 5.366 11.995 101.396 1.080 0.010 4.602 2.261
5.000 5.494 12.795 79.963 1.111 0.010 4.628 2.310
5.056 5.628 13.365 56.969 1.141 0.010 4.652 2.361
5.114 5.765 13.700 33.570 1.169 0.010 4.675 2.413
5.173 5.902 13.729 2.841 1.197 0.010 4.697 2.468
5.233 6.035 13.346 -38.280 1.223 0.010 4.719 2.524
5.295 6.164 12.828 -51.850 1.248 0.010 4.739 2.583
5.357 6.287 12.320 -50.774 1.272 0.010 4.758 2.643
5.421 6.404 11.667 -65.284 1.294 0.010 4.776 2.704
5.487 6.513 10.894 -77.264 1.316 0.010 4.793 2.767
5.553 6.613 10.026 -86.857 1.336 0.010 4.809 2.831
5.620 6.704 9.083 -94.281 1.355 0.010 4.824 2.896
5.688 6.784 8.085 -99.791 1.373 0.010 4.838 2.963
5.756 6.855 7.048 -103.658 1.389 0.010 4.851 3.030
5.825 6.915 5.987 -106.146 1.405 0.010 4.863 3.098
5.895 6.964 4.912 -107.502 1.420 0.010 4.874 3.167
5.965 7.003 3.931 -98.125 1.434 0.010 4.884 3.236
6.035 7.035 3.190 -74.087 1.447 0.010 4.893 3.306
6.106 7.061 2.607 -58.304 1.459 0.010 4.902 3.376
6.177 7.082 2.054 -55.243 1.470 0.010 4.909 3.446
6.248 7.097 1.533 -52.146 1.481 0.010 4.916 3.517
6.319 7.107 1.042 -49.077 1.491 0.010 4.922 3.588
6.390 7.113 0.581 -46.084 1.500 0.010 4.927 3.659
6.461 7.115 0.149 -43.201 1.509 0.010 4.932 3.730
6.532 7.112 -0.255 -40.448 1.517 0.010 4.936 3.801
6.603 7.106 -0.634 -37.841 1.524 0.010 4.940 3.872
6.674 7.096 -0.987 -35.384 1.531 0.010 4.943 3.943
6.745 7.083 -1.318 -33.079 1.538 0.010 4.945 4.013
6.816 7.067 -1.628 -30.926 1.544 0.010 4.947 4.084
6.886 7.047 -1.917 -28.921 1.550 0.010 4.949 4.155
6.956 7.026 -2.187 -27.057 1.555 0.010 4.950 4.225
7.026 7.001 -2.441 -25.328 1.560 0.010 4.951 4.295
7.096 6.974 -2.678 -23.726 1.565 0.010 4.952 4.365
7.166 6.945 -2.900 -22.244 1.569 0.010 4.952 4.434
7.235 6.914 -3.109 -20.874 1.573 0.010 4.952 4.503
7.304 6.881 -3.305 -19.608 1.576 0.010 4.952 4.572
7.372 6.846 -3.489 -18.439 1.580 0.010 4.951 4.640
7.440 6.810 -3.663 -17.360 1.583 0.010 4.951 4.709
7.508 6.771 -3.827 -16.363 1.585 0.010 4.950 4.776
7.575 6.732 -3.981 -15.442 1.588 0.010 4.949 4.844
7.642 6.690 -4.127 -14.592 1.590 0.010 4.948 4.910
7.709 6.648 -4.265 -13.806 1.592 0.010 4.946 4.977
7.775 6.604 -4.396 -13.080 1.594 0.010 4.945 5.043
7.840 6.559 -4.520 -12.408 1.596 0.010 4.943 5.108
7.905 6.512 -4.638 -11.786 1.597 0.010 4.941 5.174
7.970 6.465 -4.750 -11.209 1.599 0.010 4.940 5.238
8.034 6.416 -4.857 -10.675 1.600 0.010 4.938 5.302
8.098 6.366 -4.958 -10.178 1.601 0.010 4.936 5.366
8.161 6.316 -5.056 -9.717 1.602 0.010 4.934 5.429
8.224 6.264 -5.149 -9.287 1.603 0.010 4.932 5.492
8.286 6.212 -5.237 -8.886 1.603 0.010 4.930 5.554
8.347 6.159 -5.322 -8.511 1.604 0.010 4.928 5.615
8.408 6.105 -5.404 -8.160 1.604 0.010 4.926 5.676
8.469 6.050 -5.482 -7.831 1.604 0.010 4.924 5.737
8.529 5.994 -5.558 -7.522 1.604 0.010 4.922 5.797
8.588 5.938 -5.630 -7.230 1.604 0.010 4.920 5.856
8.647 5.881 -5.699 -6.954 1.604 0.010 4.918 5.915
8.705 5.823 -5.766 -6.693 1.604 0.010 4.916 5.973
8.763 5.765 -5.831 -6.444 1.604 0.010 4.914 6.031
8.820 5.706 -5.893 -6.208 1.604 0.010 4.912 6.088
8.876 5.647 -5.953 -5.981 1.603 0.010 4.910 6.144
8.932 5.587 -6.010 -5.764 1.603 0.010 4.909 6.200
8.988 5.526 -6.066 -5.555 1.603 0.010 4.907 6.255
9.042 5.465 -6.119 -5.354 1.602 0.010 4.905 6.310
9.096 5.403 -6.171 -5.159 1.601 0.010 4.903 6.364
9.150 5.341 -6.221 -4.969 1.601 0.010 4.902 6.417
9.202 5.278 -6.269 -4.785 1.600 0.010 4.900 6.470
9.255 5.215 -6.315 -4.605 1.600 0.010 4.899 6.522
9.306 5.151 -6.359 -4.428 1.599 0.010 4.897 6.574
9.357 5.087 -6.401 -4.255 1.598 0.010 4.896 6.624
9.407 5.023 -6.442 -4.085 1.597 0.010 4.895 6.675
9.457 4.958 -6.481 -3.918 1.597 0.010 4.893 6.724
9.506 4.893 -6.519 -3.753 1.596 0.010 4.892 6.773
9.554 4.827 -6.555 -3.590 1.595 0.010 4.891 6.821
9.602 4.762 -6.589 -3.429 1.594 0.010 4.890 6.869
9.648 4.695 -6.622 -3.269 1.593 0.010 4.889 6.916
9.695 4.629 -6.653 -3.111 1.592 0.010 4.888 6.962
9.740 4.562 -6.683 -2.955 1.592 0.010 4.887 7.008
9.785 4.495 -6.711 -2.800 1.591 0.010 4.886 7.053
9.830 4.427 -6.737 -2.646 1.590 0.010 4.885 7.097
9.873 4.360 -6.762 -2.494 1.589 0.010 4.884 7.141
9.916 4.292 -6.785 -2.344 1.588 0.010 4.883 7.184
9.958 4.224 -6.807 -2.195 1.587 0.010 4.883 7.226
10.000 4.156 -6.828 -2.047 1.587 0.010 4.882 7.267
10.041 4.087 -6.847 -1.902 1.586 0.010 4.881 7.308
10.081 4.019 -6.864 -1.758 1.585 0.010 4.881 7.348
10.120 3.950 -6.881 -1.617 1.584 0.010 4.880 7.388
10.159 3.881 -6.895 -1.478 1.584 0.010 4.880 7.427
10.197 3.812 -6.909 -1.341 1.583 0.010 4.879 7.465
10.235 3.742 -6.921 -1.207 1.582 0.010 4.879 7.502
10.272 3.673 -6.932 -1.076 1.581 0.010 4.878 7.539
10.308 3.604 -6.941 -0.948 1.581 0.010 4.878 7.575
10.343 3.534 -6.949 -0.823 1.580 0.010 4.878 7.610
10.378 3.465 -6.956 -0.702 1.579 0.010 4.877 7.645
10.412 3.395 -6.962 -0.583 1.579 0.010 4.877 7.679
10.445 3.325 -6.967 -0.469 1.578 0.010 4.877 7.712
10.477 3.256 -6.970 -0.359 1.578 0.010 4.876 7.745
10.509 3.186 -6.973 -0.252 1.577 0.010 4.876 7.777
10.540 3.116 -6.974 -0.150 1.577 0.010 4.876 7.808
10.571 3.046 -6.975 -0.052 1.576 0.010 4.876 7.838
10.601 2.977 -6.975 0.041 1.576 0.010 4.876 7.868
10.630 2.907 -6.973 0.130 1.575 0.010 4.876 7.897
10.658 2.837 -6.971 0.215 1.575 0.010 4.876 7.925
10.686 2.768 -6.968 0.294 1.574 0.010 4.875 7.953
10.713 2.698 -6.965 0.369 1.574 0.010 4.875 7.980
10.739 2.628 -6.960 0.439 1.574 0.010 4.875 8.006
10.765 2.559 -6.955 0.504 1.573 0.010 4.875 8.032
10.789 2.489 -6.949 0.563 1.573 0.010 4.875 8.057
10.814 2.420 -6.943 0.618 1.573 0.010 4.875 8.081
10.837 2.351 -6.937 0.668 1.572 0.010 4.875 8.105
10.860 2.281 -6.929 0.714 1.572 0.010 4.875 8.127
10.882 2.212 -6.922 0.754 1.572 0.010 4.875 8.149
10.904 2.143 -6.914 0.789 1.572 0.010 4.875 8.171
10.924 2.074 -6.906 0.819 1.572 0.010 4.875 8.192
10.944 2.005 -6.897 0.845 1.571 0.010 4.875 8.212
10.964 1.936 -6.889 0.866 1.571 0.010 4.875 8.231
10.982 1.867 -6.880 0.883 1.571 0.010 4.875 8.250
11.000 1.798 -6.871 0.894 1.571 0.010 4.875 8.268
11.018 1.730 -6.862 0.902 1.571 0.010 4.875 8.285
11.034 1.661 -6.853 0.905 1.571 0.010 4.875 8.302
11.050 1.593 -6.844 0.904 1.571 0.010 4.875 8.318
11.065 1.524 -6.835 0.899 1.570 0.010 4.875 8.333
11.080 1.456 -6.826 0.890 1.570 0.010 4.875 8.347
11.094 1.388 -6.817 0.878 1.570 0.010 4.875 8.361
11.107 1.320 -6.809 0.862 1.570 0.010 4.875 8.374
11.120 1.252 -6.800 0.842 1.570 0.010 4.875 8.387
11.131 1.184 -6.792 0.819 1.570 0.010 4.875 8.399
11.143 1.116 -6.784 0.793 1.570 0.010 4.875 8.410
11.153 1.048 -6.776 0.764 1.570 0.010 4.875 8.420
11.163 0.981 -6.769 0.732 1.570 0.010 4.875 8.430
11.172 0.913 -6.762 0.697 1.570 0.010 4.875 8.439
11.180 0.846 -6.755 0.660 1.570 0.010 4.875 8.448
11.188 0.778 -6.749 0.621 1.570 0.010 4.875 8.456
11.195 0.711 -6.743 0.580 1.570 0.010 4.875 8.463
11.202 0.643 -6.738 0.536 1.570 0.010 4.875 8.469
11.208 0.576 -6.733 0.491 1.570 0.010 4.875 8.475
11.213 0.509 -6.729 0.444 1.570 0.010 4.875 8.480
11.217 0.441 -6.725 0.396 1.570 0.010 4.875 8.484
11.221 0.375 -6.602 12.286 1.570 0.010 4.875 8.488
11.224 0.313 -6.200 40.200 1.570 0.010 4.875 8.491
11.227 0.257 -5.638 56.165 1.570 0.010 4.875 8.494
11.229 0.206 -5.077 56.103 1.570 0.010 4.875 8.496
11.230 0.161 -4.517 56.052 1.570 0.010 4.875 8.498
11.231 0.122 -3.957 56.011 1.570 0.010 4.875 8.499
11.232 0.088 -3.397 55.980 1.570 0.010 4.875 8.500
11.233 0.059 -2.837 55.957 1.570 0.010 4.875 8.500
11.233 0.036 -2.278 55.940 1.570 0.010 4.875 8.501
11.233 0.019 -1.719 55.930 1.570 0.010 4.875 8.501
11.233 0.008 -1.159 55.924 1.570 0.010 4.875 8.501
11.234 0.002 -0.600 55.921 1.570 0.010 4.875 8.501
11.234 0.000 -0.160 43.986 1.570 0.010 4.875 8.501
0.000 0.006 0.559 55.920 0.000 0.010 0.000 -1.125
0.000 0.011 0.559 0.000 0.000 0.010 0.000 -1.125
0.000 0.025 1.398 83.881 0.000 0.010 0.000 -1.125
0.001 0.045 1.957 55.926 0.000 0.010 0.001 -1.125
0.002 0.070 2.517 55.933 0.000 0.010 0.002 -1.125
0.003 0.101 3.076 55.946 0.000 0.010 0.003 -1.125
0.004 0.137 3.636 55.964 0.000 0.010 0.004 -1.125
0.006 0.179 4.196 55.990 0.000 0.010 0.006 -1.125
0.008 0.227 4.756 56.025 0.000 0.010 0.008 -1.125
0.011 0.280 5.317 56.069 0.000 0.010 0.011 -1.125
0.014 0.338 5.878 56.124 0.000 0.010 0.014 -1.125
0.018 0.403 6.440 56.192 0.000 0.010 0.018 -1.125
0.023 0.470 6.723 28.287 0.000 0.010 0.023 -1.125
0.028 0.537 6.726 0.368 0.000 0.010 0.028 -1.125
0.034 0.605 6.730 0.419 0.000 0.010 0.034 -1.125
0.041 0.672 6.735 0.471 0.000 0.010 0.041 -1.125
0.048 0.739 6.740 0.522 0.000 0.010 0.048 -1.125
0.056 0.807 6.746 0.572 0.000 0.010 0.056 -1.125
0.065 0.874 6.752 0.623 0.000 0.010 0.065 -1.125
0.075 0.942 6.759 0.673 0.000 0.010 0.075 -1.125
0.085 1.010 6.766 0.722 0.000 0.010 0.085 -1.125
0.096 1.077 6.774 0.771 0.000 0.010 0.096 -1.125
0.107 1.145 6.782 0.820 0.000 0.010 0.107 -1.125
0.119 1.213 6.791 0.868 0.000 0.010 0.119 -1.125
0.132 1.281 6.800 0.915 0.000 0.010 0.132 -1.125
0.145 1.349 6.810 0.963 0.000 0.010 0.145 -1.125
0.160 1.417 6.820 1.010 0.000 0.010 0.160 -1.125
0.174 1.486 6.830 1.056 0.001 0.010 0.174 -1.125
0.190 1.554 6.841 1.103 0.001 0.010 0.190 -1.125
0.206 1.623 6.853 1.149 0.001 0.010 0.206 -1.125
0.223 1.691 6.865 1.194 0.001 0.010 0.223 -1.125
0.241 1.760 6.877 1.240 0.001 0.010 0.241 -1.125
0.259 1.829 6.890 1.285 0.001 0.010 0.259 -1.125
0.278 1.898 6.903 1.331 0.001 0.010 0.278 -1.125
0.298 1.967 6.917 1.376 0.001 0.010 0.298 -1.125
0.318 2.037 6.931 1.422 0.002 0.010 0.318 -1.125
0.339 2.106 6.946 1.467 0.002 0.010 0.339 -1.125
0.361 2.176 6.961 1.513 0.002 0.010 0.361 -1.125
0.383 2.245 6.977 1.560 0.002 0.010 0.383 -1.125
0.406 2.315 6.993 1.607 0.003 0.010 0.406 -1.125
0.430 2.385 7.009 1.654 0.003 0.010 0.430 -1.125
0.455 2.456 7.026 1.702 0.003 0.010 0.455 -1.124
0.480 2.526 7.044 1.752 0.004 0.010 0.480 -1.124
0.506 2.597 7.062 1.802 0.004 0.010 0.506 -1.124
0.533 2.667 7.080 1.853 0.005 0.010 0.533 -1.124
0.560 2.738 7.099 1.906 0.005 0.010 0.560 -1.124
0.588 2.810 7.119 1.960 0.006 0.010 0.588 -1.124
0.617 2.881 7.139 2.016 0.006 0.010 0.617 -1.124
0.647 2.953 7.160 2.074 0.007 0.010 0.647 -1.124
0.677 3.024 7.181 2.134 0.007 0.010 0.677 -1.123
0.708 3.097 7.203 2.197 0.008 0.010 0.708 -1.123
0.739 3.169 7.226 2.261 0.009 0.010 0.739 -1.123
0.772 3.241 7.249 2.329 0.010 0.010 0.772 -1.122
0.805 3.314 7.273 2.400 0.010 0.010 0.805 -1.122
0.839 3.387 7.298 2.475 0.011 0.010 0.839 -1.122
0.874 3.460 7.323 2.552 0.012 0.010 0.873 -1.121
0.909 3.534 7.350 2.634 0.013 0.010 0.909 -1.121
0.945 3.607 7.377 2.721 0.014 0.010 0.945 -1.120
0.982 3.682 7.405 2.812 0.015 0.010 0.982 -1.120
1.019 3.756 7.434 2.907 0.017 0.010 1.019 -1.119
1.058 3.831 7.464 3.008 0.018 0.010 1.058 -1.119
1.097 3.905 7.495 3.116 0.019 0.010 1.097 -1.118
1.136 3.981 7.528 3.229 0.021 0.010 1.136 -1.117
1.177 4.056 7.561 3.349 0.022 0.010 1.177 -1.116
1.218 4.132 7.596 3.477 0.024 0.010 1.218 -1.115
1.260 4.209 7.632 3.611 0.025 0.010 1.260 -1.114
1.303 4.285 7.670 3.756 0.027 0.010 1.303 -1.113
1.347 4.362 7.709 3.908 0.029 0.010 1.347 -1.112
1.391 4.440 7.749 4.071 0.031 0.010 1.391 -1.111
1.436 4.518 7.792 4.243 0.033 0.010 1.436 -1.109
1.482 4.596 7.836 4.427 0.035 0.010 1.482 -1.108
1.529 4.675 7.882 4.623 0.037 0.010 1.529 -1.106
1.577 4.754 7.931 4.831 0.039 0.010 1.576 -1.104
1.625 4.834 7.981 5.054 0.042 0.010 1.625 -1.102
1.674 4.914 8.034 5.291 0.044 0.010 1.674 -1.100
1.724 4.995 8.090 5.544 0.047 0.010 1.724 -1.098
1.775 5.077 8.148 5.814 0.050 0.010 1.775 -1.095
1.827 5.159 8.209 6.103 0.052 0.010 1.826 -1.093
1.879 5.242 8.273 6.411 0.055 0.010 1.878 -1.090
1.932 5.325 8.340 6.740 0.059 0.010 1.932 -1.087
1.986 5.409 8.411 7.092 0.062 0.010 1.986 -1.084
2.041 5.494 8.486 7.468 0.066 0.010 2.040 -1.080
2.097 5.580 8.565 7.871 0.069 0.010 2.096 -1.076
2.154 5.666 8.648 8.301 0.073 0.010 2.153 -1.072
2.211 5.754 8.735 8.761 0.077 0.010 2.210 -1.068
2.270 5.842 8.828 9.254 0.081 0.010 2.268 -1.063
2.329 5.931 8.926 9.780 0.086 0.010 2.327 -1.058
2.389 6.021 9.029 10.344 0.090 0.010 2.387 -1.053
2.450 6.113 9.138 10.948 0.095 0.010 2.448 -1.048
2.512 6.205 9.254 11.594 0.100 0.010 2.510 -1.041
2.575 6.299 9.377 12.284 0.105 0.010 2.573 -1.035
2.639 6.394 9.507 13.024 0.111 0.010 2.636 -1.028
2.704 6.491 9.646 13.813 0.117 0.010 2.701 -1.021
2.770 6.588 9.792 14.658 0.123 0.010 2.766 -1.013
2.837 6.688 9.948 15.559 0.129 0.010 2.832 -1.004
2.905 6.789 10.113 16.522 0.136 0.010 2.900 -0.996
2.974 6.892 10.288 17.546 0.143 0.010 2.968 -0.986
3.044 6.997 10.475 18.639 0.150 0.010 3.037 -0.976
3.115 7.103 10.673 19.799 0.158 0.010 3.107 -0.965
3.187 7.212 10.883 21.030 0.166 0.010 3.178 -0.953
3.260 7.323 11.106 22.332 0.174 0.010 3.251 -0.941
3.334 7.437 11.344 23.706 0.183 0.010 3.324 -0.928
3.410 7.553 11.595 25.150 0.192 0.010 3.398 -0.913
3.487 7.671 11.862 26.661 0.202 0.010 3.473 -0.898
3.565 7.793 12.144 28.235 0.212 0.010 3.550 -0.882
3.644 7.917 12.443 29.861 0.223 0.010 3.627 -0.865
3.724 8.045 12.758 31.530 0.234 0.010 3.705 -0.847
3.806 8.176 13.090 33.223 0.246 0.010 3.785 -0.828
3.889 8.310 13.439 34.919 0.259 0.010 3.865 -0.807
3.974 8.448 13.805 36.586 0.272 0.010 3.947 -0.785
4.060 8.590 14.187 38.189 0.285 0.010 4.029 -0.761
4.147 8.736 14.584 39.675 0.300 0.010 4.113 -0.736
4.236 8.886 14.994 40.988 0.315 0.010 4.198 -0.709
4.326 9.040 15.414 42.049 0.331 0.010 4.283 -0.680
4.418 9.198 15.842 42.767 0.348 0.010 4.370 -0.650
4.512 9.361 16.272 43.034 0.365 0.010 4.458 -0.617
4.607 9.528 16.699 42.718 0.384 0.010 4.546 -0.582
4.704 9.699 17.116 41.671 0.403 0.010 4.636 -0.545
4.803 9.874 17.513 39.721 0.424 0.010 4.726 -0.505
4.903 10.053 17.880 36.683 0.445 0.010 4.818 -0.463
5.006 10.235 18.204 32.353 0.467 0.010 4.909 -0.418
5.110 10.420 18.469 26.530 0.491 0.010 5.002 -0.370
5.216 10.606 18.659 19.013 0.515 0.010 5.095 -0.319
5.324 10.794 18.755 9.630 0.541 0.010 5.188 -0.264
5.434 10.981 18.738 -1.745 0.567 0.010 5.281 -0.207
5.545 11.167 18.586 -15.162 0.595 0.010 5.375 -0.145
5.659 11.350 18.281 -30.574 0.624 0.010 5.468 -0.080
5.774 11.528 17.803 -47.797 0.654 0.010 5.560 -0.012
5.891 11.699 17.138 -66.491 0.684 0.010 5.652 0.061
6.010 11.862 16.276 -86.143 0.716 0.010 5.743 0.137
6.130 12.014 15.216 -106.069 0.748 0.010 5.832 0.218
6.251 12.154 13.961 -125.438 0.781 0.010 5.920 0.302
6.374 12.279 12.528 -143.313 0.814 0.010 6.006 0.390
6.498 12.389 10.941 -158.731 0.848 0.010 6.089 0.481
6.623 12.477 8.830 -211.067 0.882 0.010 6.170 0.576
6.748 12.539 6.242 -258.781 0.916 0.010 6.248 0.674
6.874 12.576 3.637 -260.491 0.950 0.010 6.323 0.775
7.000 12.587 1.074 -256.305 0.983 0.010 6.395 0.879
7.126 12.573 -1.391 -246.519 1.016 0.010 6.463 0.985
7.251 12.536 -3.709 -231.813 1.049 0.010 6.527 1.092
7.376 12.477 -5.841 -213.168 1.080 0.010 6.587 1.201
7.500 12.400 -7.758 -191.749 1.111 0.010 6.644 1.312
7.623 12.305 -9.446 -168.770 1.141 0.010 6.697 1.423
7.745 12.196 -10.900 -145.384 1.169 0.010 6.746 1.534
7.865 12.073 -12.285 -138.535 1.197 0.010 6.792 1.646
7.985 11.935 -13.819 -153.341 1.223 0.010 6.834 1.758
8.103 11.785 -14.978 -115.915 1.248 0.010 6.873 1.869
8.219 11.629 -15.589 -61.086 1.272 0.010 6.908 1.980
8.334 11.469 -16.054 -46.580 1.294 0.010 6.941 2.090
8.447 11.305 -16.400 -34.604 1.316 0.010 6.971 2.199
8.558 11.138 -16.650 -25.012 1.336 0.010 6.998 2.307
8.668 10.970 -16.826 -17.590 1.355 0.010 7.022 2.414
8.776 10.801 -16.947 -12.079 1.373 0.010 7.044 2.520
8.882 10.630 -17.029 -8.211 1.389 0.010 7.064 2.624
8.987 10.459 -17.086 -5.722 1.405 0.010 7.082 2.727
9.090 10.288 -17.130 -4.364 1.420 0.010 7.099 2.829
9.191 10.118 -17.029 10.128 1.434 0.010 7.113 2.929
9.290 9.952 -16.609 42.011 1.447 0.010 7.126 3.027
9.388 9.792 -16.026 58.282 1.459 0.010 7.138 3.125
9.485 9.637 -15.474 55.224 1.470 0.010 7.148 3.220
9.579 9.487 -14.952 52.128 1.481 0.010 7.157 3.315
9.673 9.343 -14.462 49.061 1.491 0.010 7.165 3.408
9.765 9.203 -14.001 46.071 1.500 0.010 7.172 3.500
9.856 9.067 -13.569 43.189 1.509 0.010 7.178 3.590
9.945 8.935 -13.165 40.439 1.517 0.010 7.183 3.679
10.033 8.807 -12.786 37.832 1.524 0.010 7.187 3.767
10.120 8.683 -12.433 35.376 1.531 0.010 7.191 3.854
10.205 8.562 -12.102 33.073 1.538 0.010 7.194 3.940
10.290 8.444 -11.793 30.921 1.544 0.010 7.197 4.024
10.373 8.329 -11.504 28.916 1.550 0.010 7.199 4.107
10.455 8.217 -11.233 27.053 1.555 0.010 7.200 4.190
10.536 8.107 -10.980 25.324 1.560 0.010 7.201 4.271
10.616 8.000 -10.743 23.723 1.565 0.010 7.202 4.351
10.695 7.894 -10.520 22.241 1.569 0.010 7.202 4.430
10.773 7.791 -10.312 20.872 1.573 0.010 7.202 4.507
10.850 7.690 -10.115 19.606 1.576 0.010 7.202 4.584
10.926 7.591 -9.931 18.437 1.580 0.010 7.201 4.660
11.001 7.493 -9.758 17.358 1.583 0.010 7.201 4.735
11.075 7.397 -9.594 16.361 1.585 0.010 7.200 4.809
11.148 7.303 -9.439 15.441 1.588 0.010 7.198 4.882
11.220 7.210 -9.294 14.591 1.590 0.010 7.197 4.954
11.291 7.118 -9.156 13.805 1.592 0.010 7.196 5.025
11.362 7.028 -9.025 13.079 1.594 0.010 7.194 5.096
11.431 6.939 -8.901 12.407 1.596 0.010 7.192 5.165
11.499 6.851 -8.783 11.785 1.597 0.010 7.191 5.234
11.567 6.765 -8.671 11.209 1.599 0.010 7.189 5.301
11.634 6.679 -8.564 10.674 1.600 0.010 7.187 5.368
11.700 6.594 -8.462 10.178 1.601 0.010 7.185 5.434
11.765 6.511 -8.365 9.716 1.602 0.010 7.183 5.499
11.829 6.428 -8.272 9.286 1.603 0.010 7.181 5.563
11.893 6.346 -8.183 8.885 1.603 0.010 7.179 5.627
11.955 6.265 -8.098 8.511 1.604 0.010 7.177 5.689
12.017 6.185 -8.017 8.160 1.604 0.010 7.175 5.751
12.078 6.106 -7.938 7.831 1.604 0.010 7.173 5.812
12.138 6.027 -7.863 7.521 1.604 0.010 7.171 5.872
12.198 5.949 -7.791 7.230 1.604 0.010 7.169 5.932
12.257 5.872 -7.721 6.954 1.604 0.010 7.167 5.990
12.315 5.795 -7.654 6.693 1.604 0.010 7.165 6.048
12.372 5.719 -7.590 6.444 1.604 0.010 7.163 6.105
12.428 5.644 -7.528 6.208 1.604 0.010 7.161 6.162
12.484 5.569 -7.468 5.981 1.603 0.010 7.159 6.218
12.539 5.495 -7.410 5.764 1.603 0.010 7.157 6.272
12.593 5.422 -7.355 5.555 1.603 0.010 7.156 6.327
12.647 5.349 -7.301 5.354 1.602 0.010 7.154 6.380
12.699 5.276 -7.250 5.159 1.601 0.010 7.152 6.433
12.751 5.204 -7.200 4.969 1.601 0.010 7.151 6.485
12.803 5.133 -7.152 4.785 1.600 0.010 7.149 6.536
12.853 5.062 -7.106 4.605 1.600 0.010 7.148 6.587
12.903 4.991 -7.062 4.428 1.599 0.010 7.146 6.637
12.953 4.921 -7.019 4.255 1.598 0.010 7.145 6.686
13.001 4.851 -6.978 4.085 1.597 0.010 7.144 6.734
13.049 4.782 -6.939 3.918 1.597 0.010 7.142 6.782
13.096 4.713 -6.902 3.753 1.596 0.010 7.141 6.829
13.142 4.644 -6.866 3.590 1.595 0.010 7.140 6.876
13.188 4.576 -6.832 3.429 1.594 0.010 7.139 6.921
13.233 4.508 -6.799 3.269 1.593 0.010 7.138 6.967
13.278 4.440 -6.768 3.111 1.592 0.010 7.137 7.011
13.321 4.373 -6.738 2.955 1.592 0.010 7.136 7.055
13.364 4.306 -6.710 2.800 1.591 0.010 7.135 7.098
13.407 4.239 -6.684 2.646 1.590 0.010 7.134 7.140
13.449 4.172 -6.659 2.494 1.589 0.010 7.134 7.182
13.490 4.106 -6.635 2.344 1.588 0.010 7.133 7.223
13.530 4.040 -6.613 2.195 1.587 0.010 7.132 7.263
13.570 3.974 -6.593 2.047 1.587 0.010 7.132 7.303
13.609 3.908 -6.574 1.902 1.586 0.010 7.131 7.342
13.647 3.842 -6.556 1.758 1.585 0.010 7.130 7.380
13.685 3.777 -6.540 1.617 1.584 0.010 7.130 7.418
13.722 3.712 -6.525 1.478 1.584 0.010 7.129 7.455
13.759 3.647 -6.512 1.341 1.583 0.010 7.129 7.492
13.794 3.582 -6.500 1.207 1.582 0.010 7.129 7.528
13.830 3.517 -6.489 1.076 1.581 0.010 7.128 7.563
13.864 3.452 -6.480 0.948 1.581 0.010 7.128 7.597
13.898 3.387 -6.471 0.823 1.580 0.010 7.127 7.631
13.931 3.323 -6.464 0.702 1.579 0.010 7.127 7.664
13.964 3.258 -6.459 0.583 1.579 0.010 7.127 7.697
13.996 3.193 -6.454 0.469 1.578 0.010 7.127 7.729
14.027 3.129 -6.450 0.359 1.578 0.010 7.126 7.760
14.058 3.064 -6.448 0.252 1.577 0.010 7.126 7.791
14.088 3.000 -6.446 0.150 1.577 0.010 7.126 7.821
14.117 2.936 -6.446 0.052 1.576 0.010 7.126 7.850
14.146 2.871 -6.446 -0.042 1.576 0.010 7.126 7.879
14.174 2.807 -6.447 -0.130 1.575 0.010 7.126 7.907
14.201 2.742 -6.450 -0.215 1.575 0.010 7.125 7.934
14.228 2.678 -6.453 -0.294 1.574 0.010 7.125 7.961
14.254 2.613 -6.456 -0.369 1.574 0.010 7.125 7.987
14.280 2.548 -6.461 -0.439 1.574 0.010 7.125 8.013
14.304 2.484 -6.466 -0.504 1.573 0.010 7.125 8.038
14.329 2.419 -6.471 -0.563 1.573 0.010 7.125 8.062
14.352 2.354 -6.477 -0.618 1.573 0.010 7.125 8.085
14.375 2.289 -6.484 -0.668 1.572 0.010 7.125 8.108
14.397 2.225 -6.491 -0.714 1.572 0.010 7.125 8.130
14.419 2.160 -6.499 -0.754 1.572 0.010 7.125 8.152
14.440 2.094 -6.507 -0.789 1.572 0.010 7.125 8.173
14.460 2.029 -6.515 -0.819 1.572 0.010 7.125 8.193
14.480 1.964 -6.523 -0.845 1.571 0.010 7.125 8.213
14.499 1.899 -6.532 -0.866 1.571 0.010 7.125 8.232
14.517 1.833 -6.541 -0.882 1.571 0.010 7.125 8.250
14.535 1.768 -6.550 -0.894 1.571 0.010 7.125 8.268
14.552 1.702 -6.559 -0.902 1.571 0.010 7.125 8.285
14.568 1.637 -6.568 -0.905 1.571 0.010 7.125 8.301
14.584 1.571 -6.577 -0.904 1.571 0.010 7.125 8.317
14.599 1.505 -6.586 -0.899 1.570 0.010 7.125 8.332
14.613 1.439 -6.595 -0.890 1.570 0.010 7.125 8.346
14.627 1.373 -6.604 -0.878 1.570 0.010 7.125 8.360
14.640 1.307 -6.612 -0.862 1.570 0.010 7.125 8.373
14.653 1.241 -6.621 -0.842 1.570 0.010 7.125 8.386
14.664 1.174 -6.629 -0.819 1.570 0.010 7.125 8.397
14.675 1.108 -6.637 -0.793 1.570 0.010 7.125 8.409
14.686 1.042 -6.644 -0.764 1.570 0.010 7.125 8.419
14.695 0.975 -6.652 -0.732 1.570 0.010 7.125 8.429
14.705 0.908 -6.659 -0.697 1.570 0.010 7.125 8.438
14.713 0.842 -6.665 -0.660 1.570 0.010 7.125 8.446
14.721 0.775 -6.671 -0.621 1.570 0.010 7.125 8.454
14.728 0.708 -6.677 -0.580 1.570 0.010 7.125 8.461
14.734 0.642 -6.683 -0.536 1.570 0.010 7.125 8.467
14.740 0.575 -6.688 -0.491 1.570 0.010 7.125 8.473
14.745 0.508 -6.692 -0.444 1.570 0.010 7.125 8.478
14.749 0.441 -6.696 -0.396 1.570 0.010 7.125 8.483
14.753 0.375 -6.580 11.582 1.570 0.010 7.125 8.486
14.756 0.313 -6.184 39.588 1.570 0.010 7.125 8.490
14.759 0.257 -5.627 55.675 1.570 0.010 7.125 8.492
14.761 0.206 -5.070 55.737 1.570 0.010 7.125 8.494
14.763 0.161 -4.512 55.787 1.570 0.010 7.125 8.496
14.764 0.121 -3.954 55.828 1.570 0.010 7.125 8.497
14.765 0.088 -3.395 55.859 1.570 0.010 7.125 8.498
14.765 0.059 -2.837 55.882 1.570 0.010 7.125 8.498
14.766 0.036 -2.278 55.899 1.570 0.010 7.125 8.499
14.766 0.019 -1.718 55.909 1.570 0.010 7.125 8.499
14.766 0.008 -1.159 55.916 1.570 0.010 7.125 8.499
14.766 0.002 -0.600 55.918 1.570 0.010 7.125 8.499
14.766 0.000 -0.160 43.986 1.570 0.010 7.125 8.499
