BlueRight
303
0,000 0,005 0,498 49,830 0,000 0,010 0,000 1,063
0,000 0,010 0,498 -0,000 0,000 0,010 0,000 1,063
0,000 0,022 1,246 74,746 0,000 0,010 0,000 1,063
0,001 0,040 1,744 49,830 0,000 0,010 0,001 1,063
0,001 0,062 2,242 49,830 0,000 0,010 0,001 1,063
0,002 0,090 2,741 49,830 0,000 0,010 0,002 1,063
0,003 0,122 3,239 49,830 0,000 0,010 0,003 1,063
0,005 0,159 3,737 49,830 0,000 0,010 0,005 1,063
0,007 0,202 4,236 49,830 0,000 0,010 0,007 1,063
0,010 0,249 4,734 49,830 0,000 0,010 0,010 1,063
0,013 0,301 5,232 49,830 0,000 0,010 0,013 1,063
0,016 0,359 5,730 49,830 0,000 0,010 0,016 1,063
0,020 0,421 6,229 49,830 0,000 0,010 0,020 1,063
0,025 0,488 6,727 49,830 0,000 0,010 0,025 1,063
0,031 0,561 7,225 49,830 0,000 0,010 0,031 1,063
0,037 0,638 7,724 49,830 0,000 0,010 0,037 1,063
0,044 0,720 8,222 49,830 0,000 0,010 0,044 1,063
0,053 0,807 8,720 49,830 0,000 0,010 0,053 1,063
0,062 0,897 8,969 24,915 0,000 0,010 0,062 1,063
0,071 0,987 8,969 0,000 0,000 0,010 0,071 1,063
0,082 1,076 8,969 0,000 0,000 0,010 0,082 1,063
0,094 1,166 8,969 -0,000 0,000 0,010 0,094 1,063
0,106 1,256 8,969 0,000 0,000 0,010 0,106 1,063
0,120 1,345 8,969 -0,000 0,000 0,010 0,120 1,063
0,134 1,435 8,969 0,000 0,000 0,010 0,134 1,063
0,149 1,525 8,969 0,000 0,000 0,010 0,149 1,063
0,166 1,615 8,969 -0,000 0,000 0,010 0,166 1,063
0,183 1,704 8,969 0,000 0,000 0,010 0,183 1,063
0,201 1,794 8,969 -0,000 0,000 0,010 0,201 1,063
0,219 1,884 8,969 0,000 0,000 0,010 0,219 1,063
0,239 1,973 8,969 0,000 0,000 0,010 0,239 1,063
0,260 2,063 8,969 -0,000 0,000 0,010 0,260 1,063
0,281 2,153 8,969 0,000 0,000 0,010 0,281 1,063
0,304 2,242 8,969 0,000 0,000 0,010 0,304 1,063
0,327 2,332 8,969 -0,000 0,000 0,010 0,327 1,063
0,351 2,422 8,969 0,000 0,000 0,010 0,351 1,063
0,376 2,511 8,969 0,000 0,000 0,010 0,376 1,063
0,402 2,601 8,969 0,000 0,000 0,010 0,402 1,063
0,429 2,691 8,969 -0,000 0,000 0,010 0,429 1,063
0,457 2,781 8,969 -0,000 0,000 0,010 0,457 1,063
0,486 2,870 8,969 0,000 0,000 0,010 0,486 1,063
0,515 2,960 8,969 0,000 0,000 0,010 0,515 1,063
0,546 3,050 8,969 -0,000 0,000 0,010 0,546 1,063
0,577 3,139 8,969 -0,000 0,000 0,010 0,577 1,063
0,610 3,229 8,969 0,000 0,000 0,010 0,610 1,063
0,643 3,319 8,969 -0,000 0,000 0,010 0,643 1,063
0,677 3,408 8,969 0,000 0,000 0,010 0,677 1,063
0,712 3,498 8,969 0,000 0,000 0,010 0,712 1,063
0,748 3,588 8,969 -0,000 0,000 0,010 0,748 1,063
0,784 3,677 8,969 0,000 0,000 0,010 0,784 1,063
0,822 3,767 8,969 0,000 0,000 0,010 0,822 1,063
0,861 3,857 8,969 -0,000 0,000 0,010 0,861 1,063
0,900 3,947 8,969 -0,000 0,000 0,010 0,900 1,063
0,941 4,036 8,969 0,000 0,000 0,010 0,941 1,063
0,982 4,126 8,969 -0,000 0,000 0,010 0,982 1,063
1,024 4,216 8,969 -0,000 0,000 0,010 1,024 1,063
1,067 4,305 8,969 0,000 0,000 0,010 1,067 1,063
1,111 4,395 8,969 -0,000 0,000 0,010 1,111 1,063
1,156 4,485 8,969 0,000 0,000 0,010 1,156 1,063
1,202 4,574 8,969 -0,000 0,000 0,010 1,202 1,063
1,248 4,664 8,969 0,000 0,000 0,010 1,248 1,063
1,296 4,754 8,969 0,000 0,000 0,010 1,296 1,063
1,344 4,844 8,969 0,000 0,000 0,010 1,344 1,063
1,393 4,933 8,969 -0,000 0,000 0,010 1,393 1,063
1,444 5,023 8,969 0,000 0,000 0,010 1,444 1,063
1,495 5,113 8,969 0,000 0,000 0,010 1,495 1,063
1,547 5,202 8,969 0,000 0,000 0,010 1,547 1,063
1,600 5,292 8,969 -0,000 0,000 0,010 1,600 1,063
1,654 5,382 8,969 0,000 0,000 0,010 1,654 1,063
1,708 5,471 8,969 0,000 0,000 0,010 1,708 1,063
1,764 5,561 8,969 0,000 0,000 0,010 1,764 1,063
1,820 5,651 8,969 -0,000 0,000 0,010 1,820 1,063
1,878 5,740 8,969 0,000 0,000 0,010 1,878 1,063
1,936 5,830 8,969 0,000 0,000 0,010 1,936 1,063
1,995 5,920 8,969 -0,000 0,000 0,010 1,995 1,063
2,055 6,010 8,969 0,000 0,000 0,010 2,055 1,063
2,116 6,099 8,969 0,000 0,000 0,010 2,116 1,063
2,178 6,189 8,969 -0,000 0,000 0,010 2,178 1,063
2,241 6,279 8,969 0,000 0,000 0,010 2,241 1,063
2,305 6,368 8,969 -0,000 0,000 0,010 2,305 1,063
2,369 6,458 8,969 0,000 0,000 0,010 2,369 1,063
2,435 6,548 8,969 0,000 0,000 0,010 2,435 1,063
2,501 6,637 8,969 -0,000 0,000 0,010 2,501 1,063
2,568 6,727 8,969 -0,000 0,000 0,010 2,568 1,063
2,637 6,817 8,969 0,000 0,000 0,010 2,637 1,063
2,706 6,906 8,969 -0,000 0,000 0,010 2,706 1,063
2,776 6,996 8,969 0,000 0,000 0,010 2,776 1,063
2,847 7,086 8,969 -0,000 0,000 0,010 2,847 1,063
2,918 7,176 8,969 0,000 0,000 0,010 2,918 1,063
2,991 7,265 8,969 0,000 0,000 0,010 2,991 1,063
3,064 7,355 8,969 -0,000 0,000 0,010 3,064 1,063
3,139 7,445 8,969 0,000 0,000 0,010 3,139 1,063
3,214 7,534 8,969 0,000 0,000 0,010 3,214 1,063
3,291 7,624 8,969 -0,000 0,000 0,010 3,291 1,063
3,368 7,714 8,969 -0,000 0,000 0,010 3,368 1,063
3,446 7,803 8,969 0,000 0,000 0,010 3,446 1,063
3,525 7,893 8,969 0,000 0,000 0,010 3,525 1,063
3,604 7,983 8,969 -0,000 0,000 0,010 3,604 1,063
3,685 8,073 8,969 0,000 0,000 0,010 3,685 1,063
3,767 8,162 8,969 0,000 0,000 0,010 3,767 1,063
3,849 8,252 8,969 -0,000 0,000 0,010 3,849 1,063
3,933 8,342 8,969 0,000 0,000 0,010 3,933 1,063
4,017 8,431 8,969 0,000 0,000 0,010 4,017 1,063
4,102 8,521 8,969 -0,000 0,000 0,010 4,102 1,063
4,188 8,611 8,969 -0,000 0,000 0,010 4,188 1,063
4,275 8,700 8,969 -0,000 0,000 0,010 4,275 1,063
4,363 8,790 8,969 0,000 0,000 0,010 4,363 1,063
4,452 8,880 8,969 -0,000 0,000 0,010 4,452 1,063
4,542 8,969 8,969 -0,000 0,000 0,010 4,542 1,063
4,632 9,059 8,969 0,000 0,000 0,010 4,632 1,063
4,724 9,149 8,969 -0,000 0,000 0,010 4,724 1,063
4,816 9,239 8,969 0,000 0,000 0,010 4,816 1,063
4,910 9,328 8,969 0,000 0,000 0,010 4,910 1,063
5,004 9,418 8,969 -0,000 0,000 0,010 5,004 1,063
5,099 9,508 8,969 0,000 0,000 0,010 5,099 1,063
5,195 9,597 8,969 0,000 0,000 0,010 5,195 1,063
5,292 9,687 8,969 -0,000 0,000 0,010 5,292 1,063
5,389 9,777 8,969 0,000 0,000 0,010 5,389 1,063
5,488 9,866 8,969 -0,000 0,000 0,010 5,488 1,063
5,588 9,956 8,969 -0,000 0,000 0,010 5,588 1,063
5,688 10,046 8,969 0,000 0,000 0,010 5,688 1,063
5,789 10,135 8,969 -0,000 0,000 0,010 5,789 1,063
5,892 10,225 8,969 0,000 0,000 0,010 5,892 1,063
5,995 10,315 8,969 -0,000 0,000 0,010 5,995 1,063
6,099 10,405 8,969 0,000 0,000 0,010 6,099 1,063
6,204 10,494 8,969 -0,000 0,000 0,010 6,204 1,063
6,310 10,584 8,969 0,000 0,000 0,010 6,310 1,063
6,416 10,674 8,969 -0,000 0,000 0,010 6,416 1,063
6,524 10,763 8,969 0,000 0,000 0,010 6,524 1,063
6,633 10,853 8,969 -0,000 0,000 0,010 6,633 1,063
6,742 10,943 8,969 0,000 0,000 0,010 6,742 1,063
6,852 11,030 8,720 -24,915 0,000 0,010 6,852 1,063
6,963 11,112 8,222 -49,830 0,000 0,010 6,963 1,063
7,075 11,189 7,724 -49,830 0,000 0,010 7,075 1,063
7,188 11,262 7,225 -49,830 0,000 0,010 7,188 1,063
7,301 11,329 6,727 -49,830 0,000 0,010 7,301 1,063
7,415 11,391 6,229 -49,830 0,000 0,010 7,415 1,063
7,530 11,449 5,730 -49,830 0,000 0,010 7,530 1,063
7,645 11,501 5,232 -49,830 0,000 0,010 7,645 1,063
7,760 11,548 4,734 -49,830 0,000 0,010 7,760 1,063
7,875 11,504 -4,465 -919,850 0,001 0,010 7,875 1,063
7,987 11,186 -31,724 -2725,905 0,005 0,010 7,987 1,063
8,096 10,904 -28,217 350,678 0,012 0,010 8,096 1,064
8,203 10,688 -21,584 663,317 0,021 0,010 8,203 1,065
8,308 10,538 -15,075 650,885 0,033 0,010 8,308 1,068
8,413 10,445 -9,212 586,311 0,045 0,010 8,413 1,072
8,517 10,403 -4,285 492,724 0,057 0,010 8,516 1,078
8,621 10,399 -0,391 389,372 0,070 0,010 8,620 1,084
8,725 10,424 2,506 289,685 0,082 0,010 8,724 1,092
8,830 10,471 4,743 223,704 0,094 0,010 8,829 1,101
8,935 10,536 6,476 173,253 0,106 0,010 8,933 1,112
9,041 10,612 7,640 116,415 0,117 0,010 9,039 1,124
9,148 10,696 8,376 73,582 0,126 0,010 9,145 1,137
9,256 10,782 8,612 23,623 0,136 0,010 9,252 1,151
9,365 10,866 8,394 -21,744 0,144 0,010 9,359 1,166
9,474 10,946 7,980 -41,438 0,151 0,010 9,468 1,182
9,584 11,021 7,466 -51,390 0,158 0,010 9,577 1,199
9,695 11,090 6,897 -56,947 0,163 0,010 9,686 1,217
9,807 11,153 6,305 -59,162 0,168 0,010 9,796 1,235
9,919 11,210 5,717 -58,834 0,172 0,010 9,907 1,254
10,031 11,261 5,151 -56,538 0,175 0,010 10,017 1,274
10,144 11,308 4,625 -52,670 0,178 0,010 10,129 1,293
10,258 11,349 4,150 -47,478 0,179 0,010 10,241 1,314
10,372 11,386 3,739 -41,085 0,180 0,010 10,353 1,334
10,486 11,420 3,404 -33,503 0,180 0,010 10,465 1,354
10,601 11,452 3,157 -24,649 0,179 0,010 10,578 1,375
10,715 11,482 3,014 -14,335 0,177 0,010 10,691 1,395
10,831 11,512 2,991 -2,267 0,174 0,010 10,804 1,415
10,946 11,543 3,111 11,979 0,170 0,010 10,918 1,435
11,062 11,577 3,401 28,992 0,165 0,010 11,032 1,454
11,178 11,616 3,897 49,573 0,159 0,010 11,146 1,473
11,295 11,665 4,867 96,964 0,151 0,010 11,262 1,491
11,412 11,729 6,436 156,981 0,142 0,010 11,378 1,508
11,530 11,814 8,488 205,160 0,132 0,010 11,495 1,524
11,649 11,925 11,103 261,472 0,119 0,010 11,613 1,539
11,770 12,070 14,459 335,621 0,104 0,010 11,733 1,553
11,892 12,258 18,809 435,040 0,087 0,010 11,855 1,564
12,018 12,503 24,518 570,856 0,067 0,010 11,980 1,574
12,146 12,824 32,118 760,029 0,042 0,010 12,108 1,581
12,278 13,248 42,406 1028,775 0,013 0,010 12,240 1,585
12,416 13,814 56,587 1418,067 6,261 0,010 12,378 1,584
12,562 14,579 76,504 1991,741 6,218 0,010 12,524 1,578
12,718 15,629 104,966 2846,208 6,164 0,010 12,680 1,563
12,889 17,090 146,080 4111,362 6,095 0,010 12,849 1,537
13,081 19,140 205,036 5895,632 6,006 0,010 13,035 1,493
13,301 21,991 285,072 8003,615 5,889 0,010 13,243 1,421
13,558 25,739 374,846 8977,357 5,737 0,010 13,472 1,305
13,857 29,915 417,549 4270,363 5,543 0,010 13,712 1,126
14,186 32,893 297,825 -11972,439 5,321 0,010 13,929 0,879
14,513 32,692 -20,076 -31790,058 5,100 0,010 14,085 0,591
14,807 29,404 -328,799 -30872,292 4,909 0,010 14,169 0,310
15,058 25,061 -434,274 -10547,545 4,758 0,010 14,199 0,061
15,270 21,209 -385,258 4901,611 4,643 0,010 14,196 -0,151
15,452 18,258 -295,131 9012,683 4,555 0,010 14,176 -0,333
15,613 16,093 -216,483 7864,795 4,486 0,010 14,145 -0,491
15,758 14,504 -158,915 5756,824 4,432 0,010 14,108 -0,631
15,891 13,315 -118,822 4009,322 4,388 0,010 14,069 -0,758
16,016 12,405 -91,043 2777,900 4,351 0,010 14,027 -0,875
16,132 11,689 -71,564 1947,863 4,321 0,010 13,984 -0,984
16,244 11,113 -57,655 1390,899 4,295 0,010 13,940 -1,086
16,350 10,637 -47,525 1013,035 4,273 0,010 13,896 -1,182
16,452 10,237 -40,002 752,290 4,253 0,010 13,851 -1,275
16,551 9,894 -34,312 568,949 4,236 0,010 13,807 -1,363
16,647 9,595 -29,936 437,586 4,221 0,010 13,762 -1,448
16,740 9,330 -26,519 341,756 4,208 0,010 13,718 -1,530
16,831 9,092 -23,812 270,662 4,196 0,010 13,673 -1,609
16,920 8,875 -21,641 217,088 4,185 0,010 13,629 -1,686
17,007 8,676 -19,880 176,138 4,175 0,010 13,585 -1,761
17,092 8,492 -18,436 144,417 4,166 0,010 13,541 -1,834
17,175 8,320 -17,240 119,549 4,158 0,010 13,498 -1,905
17,257 8,157 -16,242 99,832 4,151 0,010 13,454 -1,974
17,337 8,003 -15,402 84,043 4,144 0,010 13,412 -2,041
17,415 7,856 -14,689 71,275 4,138 0,010 13,369 -2,107
17,492 7,716 -14,080 60,861 4,132 0,010 13,327 -2,172
17,568 7,580 -13,557 52,299 4,127 0,010 13,285 -2,235
17,643 7,449 -13,105 45,207 4,122 0,010 13,244 -2,297
17,716 7,322 -12,712 39,287 4,117 0,010 13,203 -2,358
17,788 7,198 -12,369 34,322 4,113 0,010 13,162 -2,418
17,859 7,077 -12,068 30,124 4,109 0,010 13,122 -2,476
17,928 6,959 -11,802 26,559 4,105 0,010 13,083 -2,533
17,997 6,844 -11,567 23,516 4,102 0,010 13,044 -2,589
18,064 6,730 -11,358 20,903 4,098 0,010 13,005 -2,644
18,130 6,618 -11,172 18,652 4,095 0,010 12,967 -2,698
18,195 6,508 -11,004 16,701 4,093 0,010 12,929 -2,751
18,259 6,400 -10,854 15,006 4,090 0,010 12,892 -2,803
18,322 6,293 -10,719 13,526 4,087 0,010 12,855 -2,854
18,384 6,187 -10,597 12,229 4,085 0,010 12,819 -2,905
18,445 6,082 -10,486 11,090 4,083 0,010 12,783 -2,954
18,505 5,978 -10,385 10,085 4,081 0,010 12,748 -3,002
18,563 5,875 -10,293 9,195 4,079 0,010 12,713 -3,049
18,621 5,773 -10,209 8,408 4,077 0,010 12,679 -3,096
18,678 5,672 -10,132 7,705 4,075 0,010 12,645 -3,142
18,734 5,571 -10,061 7,080 4,073 0,010 12,612 -3,186
18,788 5,471 -9,996 6,521 4,072 0,010 12,579 -3,230
18,842 5,372 -9,936 6,019 4,070 0,010 12,547 -3,273
18,895 5,273 -9,880 5,570 4,069 0,010 12,515 -3,315
18,946 5,175 -9,829 5,163 4,068 0,010 12,484 -3,357
18,997 5,077 -9,781 4,799 4,067 0,010 12,454 -3,397
19,047 4,979 -9,736 4,468 4,066 0,010 12,424 -3,437
19,096 4,882 -9,694 4,169 4,064 0,010 12,394 -3,476
19,144 4,786 -9,655 3,899 4,063 0,010 12,366 -3,514
19,191 4,690 -9,619 3,652 4,063 0,010 12,337 -3,552
19,237 4,594 -9,584 3,427 4,062 0,010 12,309 -3,588
19,281 4,498 -9,552 3,224 4,061 0,010 12,282 -3,624
19,326 4,403 -9,522 3,036 4,060 0,010 12,255 -3,659
19,369 4,308 -9,493 2,866 4,059 0,010 12,229 -3,693
19,411 4,214 -9,466 2,710 4,059 0,010 12,204 -3,727
19,452 4,119 -9,440 2,566 4,058 0,010 12,179 -3,759
19,492 4,025 -9,416 2,434 4,057 0,010 12,154 -3,791
19,531 3,931 -9,393 2,313 4,057 0,010 12,130 -3,822
19,570 3,837 -9,371 2,200 4,056 0,010 12,107 -3,853
19,607 3,744 -9,350 2,097 4,056 0,010 12,084 -3,883
19,644 3,651 -9,330 2,000 4,055 0,010 12,062 -3,911
19,679 3,557 -9,311 1,912 4,055 0,010 12,040 -3,940
19,714 3,465 -9,293 1,829 4,055 0,010 12,019 -3,967
19,748 3,372 -9,275 1,752 4,054 0,010 11,998 -3,994
19,781 3,279 -9,258 1,679 4,054 0,010 11,978 -4,020
19,812 3,187 -9,242 1,611 4,054 0,010 11,958 -4,045
19,843 3,095 -9,227 1,548 4,053 0,010 11,940 -4,069
19,873 3,002 -9,212 1,487 4,053 0,010 11,921 -4,093
19,902 2,910 -9,197 1,430 4,053 0,010 11,903 -4,116
19,931 2,819 -9,184 1,376 4,053 0,010 11,886 -4,138
19,958 2,727 -9,170 1,324 4,053 0,010 11,869 -4,160
19,984 2,635 -9,158 1,275 4,052 0,010 11,853 -4,181
20,010 2,544 -9,145 1,227 4,052 0,010 11,838 -4,201
20,034 2,453 -9,134 1,181 4,052 0,010 11,823 -4,220
20,058 2,361 -9,122 1,136 4,052 0,010 11,808 -4,239
20,081 2,270 -9,111 1,093 4,052 0,010 11,794 -4,257
20,102 2,179 -9,101 1,050 4,052 0,010 11,781 -4,274
20,123 2,088 -9,091 1,009 4,052 0,010 11,768 -4,290
20,143 1,997 -9,081 0,968 4,052 0,010 11,756 -4,306
20,162 1,907 -9,072 0,927 4,052 0,010 11,744 -4,321
20,180 1,816 -9,063 0,887 4,051 0,010 11,733 -4,336
20,198 1,726 -9,054 0,847 4,051 0,010 11,722 -4,349
20,214 1,635 -9,046 0,807 4,051 0,010 11,712 -4,362
20,230 1,545 -9,039 0,767 4,051 0,010 11,703 -4,374
20,244 1,454 -9,031 0,727 4,051 0,010 11,694 -4,386
20,258 1,364 -9,025 0,687 4,051 0,010 11,685 -4,397
20,270 1,274 -9,018 0,646 4,051 0,010 11,678 -4,407
20,282 1,184 -9,012 0,606 4,051 0,010 11,670 -4,416
20,293 1,094 -9,006 0,565 4,051 0,010 11,664 -4,425
20,303 1,004 -9,001 0,524 4,051 0,010 11,657 -4,433
20,312 0,914 -8,996 0,482 4,051 0,010 11,652 -4,440
20,321 0,824 -8,992 0,441 4,051 0,010 11,647 -4,446
20,328 0,736 -8,783 20,915 4,051 0,010 11,642 -4,452
20,335 0,653 -8,325 45,792 4,051 0,010 11,638 -4,457
20,340 0,575 -7,823 50,148 4,051 0,010 11,635 -4,462
20,345 0,501 -7,322 50,094 4,051 0,010 11,632 -4,466
20,350 0,433 -6,822 50,045 4,051 0,010 11,629 -4,469
20,353 0,370 -6,322 50,003 4,051 0,010 11,627 -4,472
20,356 0,312 -5,822 49,967 4,051 0,010 11,625 -4,474
20,359 0,258 -5,323 49,936 4,051 0,010 11,623 -4,477
20,361 0,210 -4,824 49,911 4,051 0,010 11,622 -4,478
20,363 0,167 -4,325 49,889 4,051 0,010 11,621 -4,479
20,364 0,129 -3,826 49,872 4,051 0,010 11,620 -4,481
20,365 0,095 -3,328 49,859 4,051 0,010 11,620 -4,481
20,366 0,067 -2,829 49,849 4,051 0,010 11,619 -4,482
20,366 0,044 -2,331 49,841 4,051 0,010 11,619 -4,482
20,366 0,026 -1,832 49,836 4,051 0,010 11,619 -4,482
20,367 0,012 -1,334 49,833 4,051 0,010 11,619 -4,482
20,367 0,004 -0,836 49,831 4,051 0,010 11,619 -4,482
20,367 0,000 -0,337 49,831 4,051 0,010 11,619 -4,482
20,367 0,000 -0,044 29,329 4,051 0,010 11,619 -4,482
0,000 0,005 0,498 49,830 0,000 0,010 0,000 -1,063
0,000 0,010 0,498 -0,000 0,000 0,010 0,000 -1,063
0,000 0,022 1,246 74,746 0,000 0,010 0,000 -1,063
0,001 0,040 1,744 49,830 0,000 0,010 0,001 -1,063
0,001 0,062 2,242 49,830 0,000 0,010 0,001 -1,063
0,002 0,090 2,741 49,830 0,000 0,010 0,002 -1,063
0,003 0,122 3,239 49,830 0,000 0,010 0,003 -1,063
0,005 0,159 3,737 49,830 0,000 0,010 0,005 -1,063
0,007 0,202 4,236 49,830 0,000 0,010 0,007 -1,063
0,010 0,249 4,734 49,830 0,000 0,010 0,010 -1,063
0,013 0,301 5,232 49,830 0,000 0,010 0,013 -1,063
0,016 0,359 5,730 49,830 0,000 0,010 0,016 -1,063
0,020 0,421 6,229 49,830 0,000 0,010 0,020 -1,063
0,025 0,488 6,727 49,830 0,000 0,010 0,025 -1,063
0,031 0,561 7,225 49,830 0,000 0,010 0,031 -1,063
0,037 0,638 7,724 49,830 0,000 0,010 0,037 -1,063
0,044 0,720 8,222 49,830 0,000 0,010 0,044 -1,063
0,053 0,807 8,720 49,830 0,000 0,010 0,053 -1,063
0,062 0,897 8,969 24,915 0,000 0,010 0,062 -1,063
0,071 0,987 8,969 0,000 0,000 0,010 0,071 -1,063
0,082 1,076 8,969 0,000 0,000 0,010 0,082 -1,063
0,094 1,166 8,969 -0,000 0,000 0,010 0,094 -1,063
0,106 1,256 8,969 0,000 0,000 0,010 0,106 -1,063
0,120 1,345 8,969 -0,000 0,000 0,010 0,120 -1,063
0,134 1,435 8,969 0,000 0,000 0,010 0,134 -1,063
0,149 1,525 8,969 0,000 0,000 0,010 0,149 -1,063
0,166 1,615 8,969 -0,000 0,000 0,010 0,166 -1,063
0,183 1,704 8,969 0,000 0,000 0,010 0,183 -1,063
0,201 1,794 8,969 -0,000 0,000 0,010 0,201 -1,063
0,219 1,884 8,969 0,000 0,000 0,010 0,219 -1,063
0,239 1,973 8,969 0,000 0,000 0,010 0,239 -1,063
0,260 2,063 8,969 -0,000 0,000 0,010 0,260 -1,063
0,281 2,153 8,969 0,000 0,000 0,010 0,281 -1,063
0,304 2,242 8,969 0,000 0,000 0,010 0,304 -1,063
0,327 2,332 8,969 -0,000 0,000 0,010 0,327 -1,063
0,351 2,422 8,969 0,000 0,000 0,010 0,351 -1,063
0,376 2,511 8,969 0,000 0,000 0,010 0,376 -1,063
0,402 2,601 8,969 0,000 0,000 0,010 0,402 -1,063
0,429 2,691 8,969 -0,000 0,000 0,010 0,429 -1,063
0,457 2,781 8,969 -0,000 0,000 0,010 0,457 -1,063
0,486 2,870 8,969 0,000 0,000 0,010 0,486 -1,063
0,515 2,960 8,969 0,000 0,000 0,010 0,515 -1,063
0,546 3,050 8,969 -0,000 0,000 0,010 0,546 -1,063
0,577 3,139 8,969 -0,000 0,000 0,010 0,577 -1,063
0,610 3,229 8,969 0,000 0,000 0,010 0,610 -1,063
0,643 3,319 8,969 -0,000 0,000 0,010 0,643 -1,063
0,677 3,408 8,969 0,000 0,000 0,010 0,677 -1,063
0,712 3,498 8,969 0,000 0,000 0,010 0,712 -1,063
0,748 3,588 8,969 -0,000 0,000 0,010 0,748 -1,063
0,784 3,677 8,969 0,000 0,000 0,010 0,784 -1,063
0,822 3,767 8,969 0,000 0,000 0,010 0,822 -1,063
0,861 3,857 8,969 -0,000 0,000 0,010 0,861 -1,063
0,900 3,947 8,969 -0,000 0,000 0,010 0,900 -1,063
0,941 4,036 8,969 0,000 0,000 0,010 0,941 -1,063
0,982 4,126 8,969 -0,000 0,000 0,010 0,982 -1,063
1,024 4,216 8,969 -0,000 0,000 0,010 1,024 -1,063
1,067 4,305 8,969 0,000 0,000 0,010 1,067 -1,063
1,111 4,395 8,969 -0,000 0,000 0,010 1,111 -1,063
1,156 4,485 8,969 0,000 0,000 0,010 1,156 -1,063
1,202 4,574 8,969 -0,000 0,000 0,010 1,202 -1,063
1,248 4,664 8,969 0,000 0,000 0,010 1,248 -1,063
1,296 4,754 8,969 0,000 0,000 0,010 1,296 -1,063
1,344 4,844 8,969 0,000 0,000 0,010 1,344 -1,063
1,393 4,933 8,969 -0,000 0,000 0,010 1,393 -1,063
1,444 5,023 8,969 0,000 0,000 0,010 1,444 -1,063
1,495 5,113 8,969 0,000 0,000 0,010 1,495 -1,063
1,547 5,202 8,969 0,000 0,000 0,010 1,547 -1,063
1,600 5,292 8,969 -0,000 0,000 0,010 1,600 -1,063
1,654 5,382 8,969 0,000 0,000 0,010 1,654 -1,063
1,708 5,471 8,969 0,000 0,000 0,010 1,708 -1,063
1,764 5,561 8,969 0,000 0,000 0,010 1,764 -1,063
1,820 5,651 8,969 -0,000 0,000 0,010 1,820 -1,063
1,878 5,740 8,969 0,000 0,000 0,010 1,878 -1,063
1,936 5,830 8,969 0,000 0,000 0,010 1,936 -1,063
1,995 5,920 8,969 -0,000 0,000 0,010 1,995 -1,063
2,055 6,010 8,969 0,000 0,000 0,010 2,055 -1,063
2,116 6,099 8,969 0,000 0,000 0,010 2,116 -1,063
2,178 6,189 8,969 -0,000 0,000 0,010 2,178 -1,063
2,241 6,279 8,969 0,000 0,000 0,010 2,241 -1,063
2,305 6,368 8,969 -0,000 0,000 0,010 2,305 -1,063
2,369 6,458 8,969 0,000 0,000 0,010 2,369 -1,063
2,435 6,548 8,969 0,000 0,000 0,010 2,435 -1,063
2,501 6,637 8,969 -0,000 0,000 0,010 2,501 -1,063
2,568 6,727 8,969 -0,000 0,000 0,010 2,568 -1,063
2,637 6,817 8,969 0,000 0,000 0,010 2,637 -1,063
2,706 6,906 8,969 -0,000 0,000 0,010 2,706 -1,063
2,776 6,996 8,969 0,000 0,000 0,010 2,776 -1,063
2,847 7,086 8,969 -0,000 0,000 0,010 2,847 -1,063
2,918 7,176 8,969 0,000 0,000 0,010 2,918 -1,063
2,991 7,265 8,969 0,000 0,000 0,010 2,991 -1,063
3,064 7,355 8,969 -0,000 0,000 0,010 3,064 -1,063
3,139 7,445 8,969 0,000 0,000 0,010 3,139 -1,063
3,214 7,534 8,969 0,000 0,000 0,010 3,214 -1,063
3,291 7,624 8,969 -0,000 0,000 0,010 3,291 -1,063
3,368 7,714 8,969 -0,000 0,000 0,010 3,368 -1,063
3,446 7,803 8,969 0,000 0,000 0,010 3,446 -1,063
3,525 7,893 8,969 0,000 0,000 0,010 3,525 -1,063
3,604 7,983 8,969 -0,000 0,000 0,010 3,604 -1,063
3,685 8,073 8,969 0,000 0,000 0,010 3,685 -1,063
3,767 8,162 8,969 0,000 0,000 0,010 3,767 -1,063
3,849 8,252 8,969 -0,000 0,000 0,010 3,849 -1,063
3,933 8,342 8,969 0,000 0,000 0,010 3,933 -1,063
4,017 8,431 8,969 0,000 0,000 0,010 4,017 -1,063
4,102 8,521 8,969 -0,000 0,000 0,010 4,102 -1,063
4,188 8,611 8,969 -0,000 0,000 0,010 4,188 -1,063
4,275 8,700 8,969 -0,000 0,000 0,010 4,275 -1,063
4,363 8,790 8,969 0,000 0,000 0,010 4,363 -1,063
4,452 8,880 8,969 -0,000 0,000 0,010 4,452 -1,063
4,542 8,969 8,969 -0,000 0,000 0,010 4,542 -1,063
4,632 9,059 8,969 0,000 0,000 0,010 4,632 -1,063
4,724 9,149 8,969 -0,000 0,000 0,010 4,724 -1,063
4,816 9,239 8,969 0,000 0,000 0,010 4,816 -1,063
4,910 9,328 8,969 0,000 0,000 0,010 4,910 -1,063
5,004 9,418 8,969 -0,000 0,000 0,010 5,004 -1,063
5,099 9,508 8,969 0,000 0,000 0,010 5,099 -1,063
5,195 9,597 8,969 0,000 0,000 0,010 5,195 -1,063
5,292 9,687 8,969 -0,000 0,000 0,010 5,292 -1,063
5,389 9,777 8,969 0,000 0,000 0,010 5,389 -1,063
5,488 9,866 8,969 -0,000 0,000 0,010 5,488 -1,063
5,588 9,956 8,969 -0,000 0,000 0,010 5,588 -1,063
5,688 10,046 8,969 0,000 0,000 0,010 5,688 -1,063
5,789 10,135 8,969 -0,000 0,000 0,010 5,789 -1,063
5,892 10,225 8,969 0,000 0,000 0,010 5,892 -1,063
5,995 10,315 8,969 -0,000 0,000 0,010 5,995 -1,063
6,099 10,405 8,969 0,000 0,000 0,010 6,099 -1,063
6,204 10,494 8,969 -0,000 0,000 0,010 6,204 -1,063
6,310 10,584 8,969 0,000 0,000 0,010 6,310 -1,063
6,416 10,674 8,969 -0,000 0,000 0,010 6,416 -1,063
6,524 10,763 8,969 0,000 0,000 0,010 6,524 -1,063
6,633 10,853 8,969 -0,000 0,000 0,010 6,633 -1,063
6,742 10,943 8,969 0,000 0,000 0,010 6,742 -1,063
6,852 11,030 8,720 -24,915 0,000 0,010 6,852 -1,063
6,963 11,112 8,222 -49,830 0,000 0,010 6,963 -1,063
7,075 11,189 7,724 -49,830 0,000 0,010 7,075 -1,063
7,188 11,262 7,225 -49,830 0,000 0,010 7,188 -1,063
7,301 11,329 6,727 -49,830 0,000 0,010 7,301 -1,063
7,415 11,391 6,229 -49,830 0,000 0,010 7,415 -1,063
7,530 11,449 5,730 -49,830 0,000 0,010 7,530 -1,063
7,645 11,501 5,232 -49,830 0,000 0,010 7,645 -1,063
7,760 11,548 4,734 -49,830 0,000 0,010 7,760 -1,063
7,877 11,678 12,936 820,182 0,001 0,010 7,877 -1,062
7,998 12,070 39,197 2626,087 0,005 0,010 7,998 -1,062
8,122 12,416 34,692 -450,500 0,012 0,010 8,122 -1,061
8,249 12,687 27,061 -763,023 0,021 0,010 8,249 -1,059
8,377 12,883 19,556 -750,503 0,033 0,010 8,377 -1,056
8,508 13,010 12,698 -685,879 0,045 0,010 8,507 -1,051
8,638 13,077 6,775 -592,277 0,057 0,010 8,638 -1,044
8,769 13,096 1,885 -488,933 0,070 0,010 8,769 -1,036
8,900 13,076 -2,007 -389,267 0,082 0,010 8,899 -1,026
9,030 13,029 -4,742 -273,479 0,094 0,010 9,029 -1,014
9,160 12,964 -6,474 -173,220 0,106 0,010 9,158 -1,001
9,289 12,888 -7,638 -116,399 0,117 0,010 9,286 -0,987
9,417 12,804 -8,374 -73,579 0,126 0,010 9,413 -0,971
9,544 12,714 -9,020 -64,631 0,136 0,010 9,539 -0,955
9,670 12,617 -9,711 -69,099 0,144 0,010 9,664 -0,937
9,795 12,514 -10,294 -58,236 0,151 0,010 9,788 -0,919
9,919 12,406 -10,777 -48,285 0,158 0,010 9,910 -0,900
10,042 12,294 -11,204 -42,729 0,163 0,010 10,032 -0,880
10,164 12,178 -11,609 -40,513 0,168 0,010 10,152 -0,860
10,285 12,058 -12,017 -40,842 0,172 0,010 10,271 -0,839
10,404 11,933 -12,449 -43,137 0,175 0,010 10,388 -0,819
10,522 11,804 -12,919 -47,004 0,178 0,010 10,504 -0,798
10,639 11,669 -13,441 -52,195 0,179 0,010 10,619 -0,777
10,754 11,529 -14,027 -58,589 0,180 0,010 10,733 -0,757
10,868 11,382 -14,688 -66,171 0,180 0,010 10,845 -0,736
10,980 11,228 -15,439 -75,026 0,179 0,010 10,955 -0,716
11,091 11,065 -16,292 -85,341 0,177 0,010 11,064 -0,697
11,200 10,892 -17,266 -97,411 0,174 0,010 11,171 -0,678
11,307 10,708 -18,383 -111,660 0,170 0,010 11,277 -0,660
11,412 10,512 -19,670 -128,678 0,165 0,010 11,380 -0,642
11,515 10,300 -21,162 -149,264 0,159 0,010 11,482 -0,625
11,616 10,073 -22,719 -155,660 0,151 0,010 11,582 -0,610
11,714 9,829 -24,377 -165,860 0,142 0,010 11,679 -0,596
11,810 9,565 -26,430 -205,230 0,132 0,010 11,774 -0,582
11,902 9,274 -29,045 -261,569 0,119 0,010 11,866 -0,571
11,992 8,950 -32,403 -335,758 0,104 0,010 11,955 -0,561
12,078 8,583 -36,755 -435,236 0,087 0,010 12,040 -0,553
12,159 8,158 -42,467 -571,149 0,067 0,010 12,121 -0,546
12,236 7,657 -50,071 -760,471 0,042 0,010 12,198 -0,542
12,306 7,054 -60,366 -1029,472 0,013 0,010 12,268 -0,540
12,369 6,308 -74,558 -1419,190 6,261 0,010 12,331 -0,540
12,423 5,363 -94,494 -1993,628 6,218 0,010 12,385 -0,543
12,464 4,133 -122,989 -2849,472 6,164 0,010 12,426 -0,546
12,489 2,492 -164,160 -4117,129 6,095 0,010 12,451 -0,550
12,492 0,260 -223,159 -5899,817 6,006 0,010 12,453 -0,550
12,520 2,775 251,508 47466,687 5,889 0,010 12,427 -0,541
12,587 6,711 393,549 14204,093 5,737 0,010 12,368 -0,510
12,698 11,077 436,571 4302,191 5,543 0,010 12,279 -0,444
12,840 14,243 316,677 -11989,419 5,321 0,010 12,185 -0,336
12,982 14,221 -2,211 -31888,769 5,100 0,010 12,117 -0,212
13,093 11,103 -311,852 -30964,143 4,909 0,010 12,085 -0,105
13,162 6,929 -417,405 -10555,294 4,758 0,010 12,076 -0,037
13,195 3,248 -368,045 4936,011 4,643 0,010 12,077 -0,004
13,200 0,472 -277,590 9045,477 4,555 0,010 12,077 0,001
13,215 1,516 104,360 38195,066 4,486 0,010 12,074 -0,014
13,244 2,927 141,103 3674,238 4,432 0,010 12,066 -0,043
13,283 3,936 100,958 -4014,508 4,388 0,010 12,055 -0,080
13,330 4,668 73,149 -2780,843 4,351 0,010 12,039 -0,124
13,382 5,204 53,654 -1949,552 4,321 0,010 12,020 -0,172
13,438 5,602 39,735 -1391,899 4,295 0,010 11,998 -0,224
13,497 5,898 29,598 -1013,647 4,273 0,010 11,973 -0,278
13,558 6,119 22,072 -752,679 4,253 0,010 11,947 -0,333
13,621 6,282 16,379 -569,203 4,236 0,010 11,918 -0,389
13,685 6,402 12,002 -437,756 4,221 0,010 11,888 -0,445
13,750 6,488 8,583 -341,872 4,208 0,010 11,857 -0,502
13,816 6,547 5,876 -270,743 4,196 0,010 11,825 -0,560
13,881 6,584 3,704 -217,149 4,185 0,010 11,793 -0,617
13,947 6,603 1,942 -176,179 4,175 0,010 11,759 -0,673
14,014 6,608 0,498 -144,449 4,166 0,010 11,725 -0,730
14,080 6,601 -0,698 -119,572 4,158 0,010 11,691 -0,786
14,145 6,584 -1,696 -99,852 4,151 0,010 11,656 -0,842
14,211 6,559 -2,537 -84,056 4,144 0,010 11,621 -0,898
14,276 6,527 -3,250 -71,286 4,138 0,010 11,585 -0,953
14,341 6,488 -3,858 -60,871 4,132 0,010 11,550 -1,007
14,406 6,444 -4,381 -52,306 4,127 0,010 11,514 -1,061
14,470 6,396 -4,834 -45,210 4,122 0,010 11,479 -1,114
14,533 6,344 -5,226 -39,294 4,117 0,010 11,443 -1,167
14,596 6,288 -5,570 -34,323 4,113 0,010 11,408 -1,219
14,658 6,229 -5,871 -30,128 4,109 0,010 11,373 -1,270
14,720 6,168 -6,137 -26,563 4,105 0,010 11,338 -1,321
14,781 6,104 -6,372 -23,517 4,102 0,010 11,303 -1,371
14,841 6,038 -6,581 -20,906 4,098 0,010 11,268 -1,420
14,901 5,971 -6,767 -18,652 4,095 0,010 11,234 -1,469
14,960 5,901 -6,934 -16,703 4,093 0,010 11,199 -1,517
15,018 5,830 -7,084 -15,007 4,090 0,010 11,165 -1,564
15,076 5,758 -7,220 -13,526 4,087 0,010 11,132 -1,611
15,133 5,685 -7,342 -12,230 4,085 0,010 11,098 -1,657
15,189 5,610 -7,453 -11,090 4,083 0,010 11,065 -1,702
15,244 5,535 -7,554 -10,085 4,081 0,010 11,033 -1,747
15,299 5,458 -7,646 -9,197 4,079 0,010 11,001 -1,791
15,353 5,381 -7,730 -8,407 4,077 0,010 10,969 -1,835
15,406 5,303 -7,807 -7,706 4,075 0,010 10,937 -1,877
15,458 5,224 -7,878 -7,080 4,073 0,010 10,906 -1,919
15,509 5,145 -7,943 -6,521 4,072 0,010 10,875 -1,960
15,560 5,065 -8,003 -6,020 4,070 0,010 10,845 -2,001
15,610 4,984 -8,059 -5,569 4,069 0,010 10,815 -2,041
15,659 4,903 -8,110 -5,165 4,068 0,010 10,786 -2,080
15,707 4,821 -8,158 -4,798 4,067 0,010 10,757 -2,119
15,754 4,739 -8,203 -4,468 4,066 0,010 10,728 -2,156
15,801 4,657 -8,245 -4,170 4,064 0,010 10,700 -2,194
15,847 4,574 -8,284 -3,898 4,063 0,010 10,672 -2,230
15,892 4,491 -8,320 -3,652 4,063 0,010 10,645 -2,266
15,936 4,407 -8,355 -3,428 4,062 0,010 10,619 -2,301
15,979 4,323 -8,387 -3,222 4,061 0,010 10,592 -2,335
16,021 4,239 -8,417 -3,037 4,060 0,010 10,567 -2,369
16,063 4,155 -8,446 -2,866 4,059 0,010 10,541 -2,402
16,104 4,070 -8,473 -2,709 4,059 0,010 10,517 -2,434
16,143 3,985 -8,499 -2,566 4,058 0,010 10,492 -2,466
16,182 3,900 -8,523 -2,434 4,057 0,010 10,469 -2,497
16,221 3,814 -8,546 -2,312 4,057 0,010 10,446 -2,527
16,258 3,729 -8,568 -2,200 4,056 0,010 10,423 -2,557
16,294 3,643 -8,589 -2,097 4,056 0,010 10,401 -2,586
16,330 3,557 -8,609 -2,001 4,055 0,010 10,379 -2,614
16,365 3,470 -8,628 -1,911 4,055 0,010 10,358 -2,641
16,398 3,384 -8,646 -1,829 4,055 0,010 10,337 -2,668
16,431 3,297 -8,664 -1,752 4,054 0,010 10,317 -2,694
16,463 3,211 -8,681 -1,679 4,054 0,010 10,297 -2,719
16,495 3,124 -8,697 -1,612 4,054 0,010 10,278 -2,744
16,525 3,036 -8,712 -1,547 4,053 0,010 10,259 -2,768
16,555 2,949 -8,727 -1,488 4,053 0,010 10,241 -2,791
16,583 2,862 -8,741 -1,430 4,053 0,010 10,224 -2,814
16,611 2,774 -8,755 -1,376 4,053 0,010 10,207 -2,836
16,638 2,687 -8,768 -1,324 4,053 0,010 10,190 -2,857
16,664 2,599 -8,781 -1,275 4,052 0,010 10,174 -2,878
16,689 2,511 -8,793 -1,227 4,052 0,010 10,159 -2,898
16,713 2,423 -8,805 -1,181 4,052 0,010 10,144 -2,917
16,736 2,335 -8,817 -1,136 4,052 0,010 10,130 -2,935
16,759 2,246 -8,828 -1,093 4,052 0,010 10,116 -2,953
16,780 2,158 -8,838 -1,050 4,052 0,010 10,103 -2,970
16,801 2,069 -8,848 -1,009 4,052 0,010 10,090 -2,986
16,821 1,981 -8,858 -0,967 4,052 0,010 10,078 -3,002
16,840 1,892 -8,867 -0,927 4,052 0,010 10,066 -3,017
16,858 1,803 -8,876 -0,887 4,051 0,010 10,055 -3,031
16,875 1,715 -8,884 -0,847 4,051 0,010 10,045 -3,045
16,891 1,626 -8,893 -0,807 4,051 0,010 10,035 -3,058
16,907 1,537 -8,900 -0,767 4,051 0,010 10,025 -3,070
16,921 1,448 -8,907 -0,727 4,051 0,010 10,016 -3,081
16,935 1,358 -8,914 -0,687 4,051 0,010 10,008 -3,092
16,947 1,269 -8,921 -0,646 4,051 0,010 10,000 -3,102
16,959 1,180 -8,927 -0,606 4,051 0,010 9,993 -3,111
16,970 1,091 -8,933 -0,565 4,051 0,010 9,986 -3,120
16,980 1,001 -8,938 -0,524 4,051 0,010 9,980 -3,128
16,989 0,912 -8,943 -0,482 4,051 0,010 9,975 -3,135
16,998 0,822 -8,947 -0,441 4,051 0,010 9,970 -3,141
17,005 0,735 -8,746 20,089 4,051 0,010 9,965 -3,147
17,011 0,652 -8,296 45,042 4,051 0,010 9,961 -3,152
17,017 0,574 -7,801 49,512 4,051 0,010 9,958 -3,157
17,022 0,501 -7,305 49,567 4,051 0,010 9,954 -3,161
17,026 0,433 -6,809 49,615 4,051 0,010 9,952 -3,164
17,030 0,370 -6,312 49,657 4,051 0,010 9,950 -3,167
17,033 0,312 -5,815 49,694 4,051 0,010 9,948 -3,170
17,036 0,258 -5,318 49,724 4,051 0,010 9,946 -3,172
17,038 0,210 -4,820 49,750 4,051 0,010 9,945 -3,173
17,040 0,167 -4,323 49,771 4,051 0,010 9,944 -3,175
17,041 0,129 -3,825 49,789 4,051 0,010 9,943 -3,176
17,042 0,095 -3,327 49,802 4,051 0,010 9,942 -3,176
17,043 0,067 -2,829 49,812 4,051 0,010 9,942 -3,177
17,043 0,044 -2,331 49,820 4,051 0,010 9,942 -3,177
17,043 0,026 -1,832 49,825 4,051 0,010 9,942 -3,177
17,043 0,012 -1,334 49,828 4,051 0,010 9,941 -3,178
17,043 0,004 -0,836 49,829 4,051 0,010 9,941 -3,178
17,043 0,000 -0,337 49,830 4,051 0,010 9,941 -3,178
17,043 0,000 -0,044 29,329 4,051 0,010 9,941 -3,178
