Gear_Center
285
0.000 0.006 0.554 55.448 0.000 0.010 0.000 1.125
0.000 0.011 0.554 0.000 0.000 0.010 0.000 1.125
0.000 0.025 1.386 83.172 0.000 0.010 0.000 1.125
0.001 0.044 1.941 55.448 0.000 0.010 0.001 1.125
0.002 0.069 2.495 55.448 0.000 0.010 0.002 1.125
0.003 0.100 3.050 55.448 0.000 0.010 0.003 1.125
0.004 0.136 3.604 55.448 0.000 0.010 0.004 1.125
0.006 0.177 4.159 55.448 0.000 0.010 0.006 1.125
0.008 0.225 4.713 55.448 0.000 0.010 0.008 1.125
0.011 0.274 4.990 27.724 0.000 0.010 0.011 1.125
0.014 0.324 4.990 0.000 0.000 0.010 0.014 1.125
0.018 0.374 4.990 -0.000 0.000 0.010 0.018 1.125
0.022 0.424 4.990 0.000 0.000 0.010 0.022 1.125
0.027 0.474 4.990 -0.000 0.000 0.010 0.027 1.125
0.032 0.524 4.990 0.000 0.000 0.010 0.032 1.125
0.038 0.574 4.990 0.000 0.000 0.010 0.038 1.125
0.044 0.624 4.990 0.000 0.000 0.010 0.044 1.125
0.051 0.674 4.990 -0.000 0.000 0.010 0.051 1.125
0.058 0.724 4.990 -0.000 0.000 0.010 0.058 1.125
0.066 0.774 4.990 0.000 0.000 0.010 0.066 1.125
0.074 0.823 4.990 -0.000 0.000 0.010 0.074 1.125
0.083 0.873 4.990 0.000 0.000 0.010 0.083 1.125
0.092 0.923 4.990 -0.000 0.000 0.010 0.092 1.125
0.101 0.973 4.990 0.000 0.000 0.010 0.101 1.125
0.112 1.023 4.990 -0.000 0.000 0.010 0.112 1.125
0.122 1.073 4.990 0.000 0.000 0.010 0.122 1.125
0.134 1.123 4.990 -0.000 0.000 0.010 0.134 1.125
0.145 1.173 4.990 0.000 0.000 0.010 0.145 1.125
0.158 1.223 4.990 -0.000 0.000 0.010 0.158 1.125
0.170 1.273 4.990 0.000 0.000 0.010 0.170 1.125
0.184 1.322 4.990 -0.000 0.000 0.010 0.184 1.125
0.197 1.372 4.990 -0.000 0.000 0.010 0.197 1.125
0.212 1.422 4.990 0.000 0.000 0.010 0.212 1.125
0.226 1.472 4.990 0.000 0.000 0.010 0.226 1.125
0.241 1.522 4.990 -0.000 0.000 0.010 0.241 1.125
0.257 1.572 4.990 0.000 0.000 0.010 0.257 1.125
0.273 1.622 4.990 -0.000 0.000 0.010 0.273 1.125
0.290 1.672 4.990 0.000 0.000 0.010 0.290 1.125
0.307 1.722 4.990 -0.000 0.000 0.010 0.307 1.125
0.325 1.772 4.990 0.000 0.000 0.010 0.325 1.125
0.343 1.821 4.990 0.000 0.000 0.010 0.343 1.125
0.362 1.871 4.990 0.000 0.000 0.010 0.362 1.125
0.381 1.921 4.990 -0.000 0.000 0.010 0.381 1.125
0.401 1.971 4.990 -0.000 0.000 0.010 0.401 1.125
0.421 2.021 4.990 0.000 0.000 0.010 0.421 1.125
0.442 2.071 4.990 0.000 0.000 0.010 0.442 1.125
0.463 2.121 4.990 0.000 0.000 0.010 0.463 1.125
0.485 2.171 4.990 0.000 0.000 0.010 0.485 1.125
0.507 2.221 4.990 -0.000 0.000 0.010 0.507 1.125
0.530 2.271 4.990 0.000 0.000 0.010 0.530 1.125
0.553 2.321 4.990 -0.000 0.000 0.010 0.553 1.125
0.577 2.370 4.990 0.000 0.000 0.010 0.577 1.125
0.601 2.420 4.990 0.000 0.000 0.010 0.601 1.125
0.625 2.470 4.990 0.000 0.000 0.010 0.625 1.125
0.651 2.520 4.990 -0.000 0.000 0.010 0.651 1.125
0.676 2.570 4.990 -0.000 0.000 0.010 0.676 1.125
0.703 2.620 4.990 -0.000 0.000 0.010 0.703 1.125
0.729 2.670 4.990 0.000 0.000 0.010 0.729 1.125
0.756 2.720 4.990 -0.000 0.000 0.010 0.756 1.125
0.784 2.770 4.990 0.000 0.000 0.010 0.784 1.125
0.812 2.820 4.990 -0.000 0.000 0.010 0.812 1.125
0.841 2.869 4.990 0.000 0.000 0.010 0.841 1.125
0.870 2.919 4.990 -0.000 0.000 0.010 0.870 1.125
0.900 2.969 4.990 0.000 0.000 0.010 0.900 1.125
0.930 3.019 4.990 0.000 0.000 0.010 0.930 1.125
0.961 3.069 4.990 0.000 0.000 0.010 0.961 1.125
0.992 3.119 4.990 -0.000 0.000 0.010 0.992 1.125
1.024 3.169 4.990 -0.000 0.000 0.010 1.024 1.125
1.056 3.219 4.990 0.000 0.000 0.010 1.056 1.125
1.089 3.269 4.990 -0.000 0.000 0.010 1.089 1.125
1.122 3.319 4.990 0.000 0.000 0.010 1.122 1.125
1.155 3.368 4.990 0.000 0.000 0.010 1.155 1.125
1.190 3.418 4.990 -0.000 0.000 0.010 1.190 1.125
1.224 3.468 4.990 -0.000 0.000 0.010 1.224 1.125
1.259 3.518 4.990 0.000 0.000 0.010 1.259 1.125
1.295 3.568 4.990 0.000 0.000 0.010 1.295 1.125
1.331 3.618 4.990 0.000 0.000 0.010 1.331 1.125
1.368 3.668 4.990 -0.000 0.000 0.010 1.368 1.125
1.405 3.718 4.990 0.000 0.000 0.010 1.405 1.125
1.443 3.768 4.990 -0.000 0.000 0.010 1.443 1.125
1.481 3.818 4.990 0.000 0.000 0.010 1.481 1.125
1.520 3.868 4.990 0.000 0.000 0.010 1.520 1.125
1.559 3.917 4.990 -0.000 0.000 0.010 1.559 1.125
1.599 3.967 4.990 0.000 0.000 0.010 1.599 1.125
1.639 4.017 4.990 0.000 0.000 0.010 1.639 1.125
1.679 4.067 4.990 -0.000 0.000 0.010 1.679 1.125
1.721 4.117 4.990 0.000 0.000 0.010 1.721 1.125
1.762 4.167 4.990 -0.000 0.000 0.010 1.762 1.125
1.804 4.217 4.990 0.000 0.000 0.010 1.804 1.125
1.847 4.267 4.990 0.000 0.000 0.010 1.847 1.125
1.890 4.317 4.990 0.000 0.000 0.010 1.890 1.125
1.934 4.367 4.990 -0.000 0.000 0.010 1.934 1.125
1.978 4.416 4.990 0.000 0.000 0.010 1.978 1.125
2.023 4.466 4.990 -0.000 0.000 0.010 2.023 1.125
2.068 4.516 4.990 0.000 0.000 0.010 2.068 1.125
2.114 4.566 4.990 0.000 0.000 0.010 2.114 1.125
2.160 4.616 4.990 -0.000 0.000 0.010 2.160 1.125
2.206 4.666 4.990 0.000 0.000 0.010 2.206 1.125
2.254 4.716 4.990 0.000 0.000 0.010 2.254 1.125
2.301 4.766 4.990 0.000 0.000 0.010 2.301 1.125
2.349 4.816 4.990 -0.000 0.000 0.010 2.349 1.125
2.398 4.866 4.990 0.000 0.000 0.010 2.398 1.125
2.447 4.915 4.990 0.000 0.000 0.010 2.447 1.125
2.497 4.965 4.990 -0.000 0.000 0.010 2.497 1.125
2.547 5.015 4.990 0.000 0.000 0.010 2.547 1.125
2.598 5.065 4.990 0.000 0.000 0.010 2.598 1.125
2.649 5.115 4.990 -0.000 0.000 0.010 2.649 1.125
2.700 5.165 4.990 0.000 0.000 0.010 2.700 1.125
2.753 5.215 4.990 -0.000 0.000 0.010 2.753 1.125
2.805 5.265 4.990 0.000 0.000 0.010 2.805 1.125
2.858 5.315 4.990 -0.000 0.000 0.010 2.858 1.125
2.912 5.365 4.990 0.000 0.000 0.010 2.912 1.125
2.966 5.415 4.990 -0.000 0.000 0.010 2.966 1.125
3.021 5.464 4.990 -0.000 0.000 0.010 3.021 1.125
3.076 5.514 4.990 0.000 0.000 0.010 3.076 1.125
3.132 5.564 4.990 -0.000 0.000 0.010 3.132 1.125
3.188 5.614 4.990 0.000 0.000 0.010 3.188 1.125
3.244 5.664 4.990 -0.000 0.000 0.010 3.244 1.125
3.302 5.714 4.990 -0.000 0.000 0.010 3.302 1.125
3.359 5.764 4.990 0.000 0.000 0.010 3.359 1.125
3.417 5.814 4.990 -0.000 0.000 0.010 3.417 1.125
3.476 5.864 4.990 0.000 0.000 0.010 3.476 1.125
3.535 5.914 4.990 -0.000 0.000 0.010 3.535 1.125
3.595 5.963 4.990 0.000 0.000 0.010 3.595 1.125
3.655 6.013 4.990 -0.000 0.000 0.010 3.655 1.125
3.715 6.063 4.990 0.000 0.000 0.010 3.715 1.125
3.777 6.113 4.990 0.000 0.000 0.010 3.777 1.125
3.838 6.163 4.990 -0.000 0.000 0.010 3.838 1.125
3.900 6.213 4.990 0.000 0.000 0.010 3.900 1.125
3.963 6.263 4.990 0.000 0.000 0.010 3.963 1.125
4.026 6.313 4.990 -0.000 0.000 0.010 4.026 1.125
4.090 6.363 4.990 0.000 0.000 0.010 4.090 1.125
4.154 6.413 4.990 -0.000 0.000 0.010 4.154 1.125
4.218 6.462 4.990 0.000 0.000 0.010 4.218 1.125
4.284 6.510 4.713 -27.724 0.000 0.010 4.284 1.125
4.349 6.551 4.159 -55.448 0.000 0.010 4.349 1.125
4.415 6.587 3.604 -55.448 0.000 0.010 4.415 1.125
4.481 6.618 3.050 -55.448 0.000 0.010 4.481 1.125
4.548 6.643 2.495 -55.448 0.000 0.010 4.548 1.125
4.614 6.662 1.941 -55.448 0.000 0.010 4.614 1.125
4.681 6.676 1.386 -55.448 0.000 0.010 4.681 1.125
4.748 6.683 0.746 -63.984 0.000 0.010 4.748 1.125
4.815 6.682 -0.171 -91.708 0.000 0.010 4.815 1.125
4.881 6.672 -1.002 -83.172 0.000 0.010 4.881 1.125
4.948 6.656 -1.557 -55.448 0.000 0.010 4.948 1.125
5.014 6.635 -2.111 -55.448 0.000 0.010 5.014 1.125
5.080 6.608 -2.666 -55.448 0.000 0.010 5.080 1.125
5.146 6.576 -3.220 -55.448 0.000 0.010 5.146 1.125
5.211 6.538 -3.775 -55.448 0.000 0.010 5.211 1.125
5.276 6.495 -4.329 -55.448 0.000 0.010 5.276 1.125
5.341 6.447 -4.798 -46.913 0.000 0.010 5.341 1.125
5.405 6.397 -4.990 -19.188 0.000 0.010 5.405 1.125
5.468 6.347 -4.990 -0.000 0.000 0.010 5.468 1.125
5.531 6.297 -4.990 -0.000 0.000 0.010 5.531 1.125
5.594 6.247 -4.990 0.000 0.000 0.010 5.594 1.125
5.656 6.198 -4.990 -0.000 0.000 0.010 5.656 1.125
5.717 6.148 -4.990 0.000 0.000 0.010 5.717 1.125
5.778 6.098 -4.990 0.000 0.000 0.010 5.778 1.125
5.839 6.048 -4.990 -0.000 0.000 0.010 5.839 1.125
5.899 5.998 -4.990 0.000 0.000 0.010 5.899 1.125
5.958 5.948 -4.990 -0.000 0.000 0.010 5.958 1.125
6.017 5.898 -4.990 0.000 0.000 0.010 6.017 1.125
6.076 5.848 -4.990 0.000 0.000 0.010 6.076 1.125
6.134 5.798 -4.990 -0.000 0.000 0.010 6.134 1.125
6.191 5.748 -4.990 0.000 0.000 0.010 6.191 1.125
6.248 5.699 -4.990 -0.000 0.000 0.010 6.248 1.125
6.305 5.649 -4.990 0.000 0.000 0.010 6.305 1.125
6.361 5.599 -4.990 0.000 0.000 0.010 6.361 1.125
6.416 5.549 -4.990 -0.000 0.000 0.010 6.416 1.125
6.471 5.499 -4.990 0.000 0.000 0.010 6.471 1.125
6.526 5.449 -4.990 -0.000 0.000 0.010 6.526 1.125
6.579 5.399 -4.990 -0.000 0.000 0.010 6.579 1.125
6.633 5.349 -4.990 0.000 0.000 0.010 6.633 1.125
6.686 5.299 -4.990 -0.000 0.000 0.010 6.686 1.125
6.738 5.249 -4.990 0.000 0.000 0.010 6.738 1.125
6.790 5.200 -4.990 0.000 0.000 0.010 6.790 1.125
6.842 5.150 -4.990 -0.000 0.000 0.010 6.842 1.125
6.893 5.100 -4.990 0.000 0.000 0.010 6.893 1.125
6.943 5.050 -4.990 0.000 0.000 0.010 6.943 1.125
6.993 5.000 -4.990 0.000 0.000 0.010 6.993 1.125
7.043 4.950 -4.990 0.000 0.000 0.010 7.043 1.125
7.092 4.900 -4.990 -0.000 0.000 0.010 7.092 1.125
7.140 4.850 -4.990 0.000 0.000 0.010 7.140 1.125
7.188 4.800 -4.990 0.000 0.000 0.010 7.188 1.125
7.236 4.750 -4.990 -0.000 0.000 0.010 7.236 1.125
7.283 4.700 -4.990 0.000 0.000 0.010 7.283 1.125
7.329 4.651 -4.990 -0.000 0.000 0.010 7.329 1.125
7.375 4.601 -4.990 0.000 0.000 0.010 7.375 1.125
7.421 4.551 -4.990 -0.000 0.000 0.010 7.421 1.125
7.466 4.501 -4.990 -0.000 0.000 0.010 7.466 1.125
7.511 4.451 -4.990 0.000 0.000 0.010 7.511 1.125
7.555 4.401 -4.990 -0.000 0.000 0.010 7.555 1.125
7.598 4.351 -4.990 -0.000 0.000 0.010 7.598 1.125
7.641 4.301 -4.990 0.000 0.000 0.010 7.641 1.125
7.684 4.251 -4.990 0.000 0.000 0.010 7.684 1.125
7.726 4.201 -4.990 0.000 0.000 0.010 7.726 1.125
7.767 4.152 -4.990 -0.000 0.000 0.010 7.767 1.125
7.808 4.102 -4.990 0.000 0.000 0.010 7.808 1.125
7.849 4.052 -4.990 -0.000 0.000 0.010 7.849 1.125
7.889 4.002 -4.990 0.000 0.000 0.010 7.889 1.125
7.928 3.952 -4.990 -0.000 0.000 0.010 7.928 1.125
7.967 3.902 -4.990 0.000 0.000 0.010 7.967 1.125
8.006 3.852 -4.990 -0.000 0.000 0.010 8.006 1.125
8.044 3.802 -4.990 0.000 0.000 0.010 8.044 1.125
8.081 3.752 -4.990 -0.000 0.000 0.010 8.081 1.125
8.118 3.702 -4.990 0.000 0.000 0.010 8.118 1.125
8.155 3.653 -4.990 -0.000 0.000 0.010 8.155 1.125
8.191 3.603 -4.990 0.000 0.000 0.010 8.191 1.125
8.226 3.553 -4.990 0.000 0.000 0.010 8.226 1.125
8.261 3.503 -4.990 0.000 0.000 0.010 8.261 1.125
8.296 3.453 -4.990 -0.000 0.000 0.010 8.296 1.125
8.330 3.403 -4.990 0.000 0.000 0.010 8.330 1.125
8.363 3.353 -4.990 0.000 0.000 0.010 8.363 1.125
8.397 3.303 -4.990 0.000 0.000 0.010 8.397 1.125
8.429 3.253 -4.990 -0.000 0.000 0.010 8.429 1.125
8.461 3.203 -4.990 0.000 0.000 0.010 8.461 1.125
8.493 3.153 -4.990 -0.000 0.000 0.010 8.493 1.125
8.524 3.104 -4.990 0.000 0.000 0.010 8.524 1.125
8.554 3.054 -4.990 -0.000 0.000 0.010 8.554 1.125
8.584 3.004 -4.990 0.000 0.000 0.010 8.584 1.125
8.614 2.954 -4.990 0.000 0.000 0.010 8.614 1.125
8.643 2.904 -4.990 -0.000 0.000 0.010 8.643 1.125
8.671 2.854 -4.990 0.000 0.000 0.010 8.671 1.125
8.699 2.804 -4.990 0.000 0.000 0.010 8.699 1.125
8.727 2.754 -4.990 -0.000 0.000 0.010 8.727 1.125
8.754 2.704 -4.990 0.000 0.000 0.010 8.754 1.125
8.781 2.654 -4.990 0.000 0.000 0.010 8.781 1.125
8.807 2.605 -4.990 -0.000 0.000 0.010 8.807 1.125
8.832 2.555 -4.990 0.000 0.000 0.010 8.832 1.125
8.857 2.505 -4.990 0.000 0.000 0.010 8.857 1.125
8.882 2.455 -4.990 -0.000 0.000 0.010 8.882 1.125
8.906 2.405 -4.990 0.000 0.000 0.010 8.906 1.125
8.929 2.355 -4.990 -0.000 0.000 0.010 8.929 1.125
8.952 2.305 -4.990 0.000 0.000 0.010 8.952 1.125
8.975 2.255 -4.990 0.000 0.000 0.010 8.975 1.125
8.997 2.205 -4.990 -0.000 0.000 0.010 8.997 1.125
9.019 2.155 -4.990 0.000 0.000 0.010 9.019 1.125
9.040 2.106 -4.990 -0.000 0.000 0.010 9.040 1.125
9.060 2.056 -4.990 0.000 0.000 0.010 9.060 1.125
9.080 2.006 -4.990 0.000 0.000 0.010 9.080 1.125
9.100 1.956 -4.990 -0.000 0.000 0.010 9.100 1.125
9.119 1.906 -4.990 0.000 0.000 0.010 9.119 1.125
9.137 1.856 -4.990 -0.000 0.000 0.010 9.137 1.125
9.155 1.806 -4.990 0.000 0.000 0.010 9.155 1.125
9.173 1.756 -4.990 -0.000 0.000 0.010 9.173 1.125
9.190 1.706 -4.990 0.000 0.000 0.010 9.190 1.125
9.207 1.656 -4.990 0.000 0.000 0.010 9.207 1.125
9.223 1.606 -4.990 -0.000 0.000 0.010 9.223 1.125
9.238 1.557 -4.990 0.000 0.000 0.010 9.238 1.125
9.253 1.507 -4.990 0.000 0.000 0.010 9.253 1.125
9.268 1.457 -4.990 0.000 0.000 0.010 9.268 1.125
9.282 1.407 -4.990 -0.000 0.000 0.010 9.282 1.125
9.296 1.357 -4.990 0.000 0.000 0.010 9.296 1.125
9.309 1.307 -4.990 -0.000 0.000 0.010 9.309 1.125
9.321 1.257 -4.990 0.000 0.000 0.010 9.321 1.125
9.333 1.207 -4.990 0.000 0.000 0.010 9.333 1.125
9.345 1.157 -4.990 -0.000 0.000 0.010 9.345 1.125
9.356 1.107 -4.990 0.000 0.000 0.010 9.356 1.125
9.366 1.058 -4.990 0.000 0.000 0.010 9.366 1.125
9.377 1.008 -4.990 -0.000 0.000 0.010 9.377 1.125
9.386 0.958 -4.990 0.000 0.000 0.010 9.386 1.125
9.395 0.908 -4.990 0.000 0.000 0.010 9.395 1.125
9.404 0.858 -4.990 -0.000 0.000 0.010 9.404 1.125
9.412 0.808 -4.990 0.000 0.000 0.010 9.412 1.125
9.419 0.758 -4.990 -0.000 0.000 0.010 9.419 1.125
9.427 0.708 -4.990 0.000 0.000 0.010 9.427 1.125
9.433 0.658 -4.990 0.000 0.000 0.010 9.433 1.125
9.439 0.608 -4.990 -0.000 0.000 0.010 9.439 1.125
9.445 0.559 -4.990 0.000 0.000 0.010 9.445 1.125
9.450 0.509 -4.990 -0.000 0.000 0.010 9.450 1.125
9.454 0.459 -4.990 0.000 0.000 0.010 9.454 1.125
9.459 0.409 -4.990 0.000 0.000 0.010 9.459 1.125
9.462 0.359 -4.990 0.000 0.000 0.010 9.462 1.125
9.465 0.309 -4.990 0.000 0.000 0.010 9.465 1.125
9.468 0.259 -4.990 0.000 0.000 0.010 9.468 1.125
9.470 0.210 -4.905 8.536 0.000 0.010 9.470 1.125
9.472 0.165 -4.542 36.260 0.000 0.010 9.472 1.125
9.473 0.125 -3.988 55.448 0.000 0.010 9.473 1.125
9.474 0.090 -3.433 55.448 0.000 0.010 9.474 1.125
9.474 0.062 -2.879 55.448 0.000 0.010 9.474 1.125
9.475 0.038 -2.324 55.448 0.000 0.010 9.475 1.125
9.475 0.021 -1.770 55.448 0.000 0.010 9.475 1.125
9.475 0.009 -1.215 55.448 0.000 0.010 9.475 1.125
9.475 0.002 -0.661 55.448 0.000 0.010 9.475 1.125
9.475 0.000 -0.192 46.913 0.000 0.010 9.475 1.125
0.000 0.006 0.554 55.448 0.000 0.010 0.000 -1.125
0.000 0.011 0.554 0.000 0.000 0.010 0.000 -1.125
0.000 0.025 1.386 83.172 0.000 0.010 0.000 -1.125
0.001 0.044 1.941 55.448 0.000 0.010 0.001 -1.125
0.002 0.069 2.495 55.448 0.000 0.010 0.002 -1.125
0.003 0.100 3.050 55.448 0.000 0.010 0.003 -1.125
0.004 0.136 3.604 55.448 0.000 0.010 0.004 -1.125
0.006 0.177 4.159 55.448 0.000 0.010 0.006 -1.125
0.008 0.225 4.713 55.448 0.000 0.010 0.008 -1.125
0.011 0.274 4.990 27.724 0.000 0.010 0.011 -1.125
0.014 0.324 4.990 0.000 0.000 0.010 0.014 -1.125
0.018 0.374 4.990 -0.000 0.000 0.010 0.018 -1.125
0.022 0.424 4.990 0.000 0.000 0.010 0.022 -1.125
0.027 0.474 4.990 -0.000 0.000 0.010 0.027 -1.125
0.032 0.524 4.990 0.000 0.000 0.010 0.032 -1.125
0.038 0.574 4.990 0.000 0.000 0.010 0.038 -1.125
0.044 0.624 4.990 0.000 0.000 0.010 0.044 -1.125
0.051 0.674 4.990 -0.000 0.000 0.010 0.051 -1.125
0.058 0.724 4.990 -0.000 0.000 0.010 0.058 -1.125
0.066 0.774 4.990 0.000 0.000 0.010 0.066 -1.125
0.074 0.823 4.990 -0.000 0.000 0.010 0.074 -1.125
0.083 0.873 4.990 0.000 0.000 0.010 0.083 -1.125
0.092 0.923 4.990 -0.000 0.000 0.010 0.092 -1.125
0.101 0.973 4.990 0.000 0.000 0.010 0.101 -1.125
0.112 1.023 4.990 -0.000 0.000 0.010 0.112 -1.125
0.122 1.073 4.990 0.000 0.000 0.010 0.122 -1.125
0.134 1.123 4.990 -0.000 0.000 0.010 0.134 -1.125
0.145 1.173 4.990 0.000 0.000 0.010 0.145 -1.125
0.158 1.223 4.990 -0.000 0.000 0.010 0.158 -1.125
0.170 1.273 4.990 0.000 0.000 0.010 0.170 -1.125
0.184 1.322 4.990 -0.000 0.000 0.010 0.184 -1.125
0.197 1.372 4.990 -0.000 0.000 0.010 0.197 -1.125
0.212 1.422 4.990 0.000 0.000 0.010 0.212 -1.125
0.226 1.472 4.990 0.000 0.000 0.010 0.226 -1.125
0.241 1.522 4.990 -0.000 0.000 0.010 0.241 -1.125
0.257 1.572 4.990 0.000 0.000 0.010 0.257 -1.125
0.273 1.622 4.990 -0.000 0.000 0.010 0.273 -1.125
0.290 1.672 4.990 0.000 0.000 0.010 0.290 -1.125
0.307 1.722 4.990 -0.000 0.000 0.010 0.307 -1.125
0.325 1.772 4.990 0.000 0.000 0.010 0.325 -1.125
0.343 1.821 4.990 0.000 0.000 0.010 0.343 -1.125
0.362 1.871 4.990 0.000 0.000 0.010 0.362 -1.125
0.381 1.921 4.990 -0.000 0.000 0.010 0.381 -1.125
0.401 1.971 4.990 -0.000 0.000 0.010 0.401 -1.125
0.421 2.021 4.990 0.000 0.000 0.010 0.421 -1.125
0.442 2.071 4.990 0.000 0.000 0.010 0.442 -1.125
0.463 2.121 4.990 0.000 0.000 0.010 0.463 -1.125
0.485 2.171 4.990 0.000 0.000 0.010 0.485 -1.125
0.507 2.221 4.990 -0.000 0.000 0.010 0.507 -1.125
0.530 2.271 4.990 0.000 0.000 0.010 0.530 -1.125
0.553 2.321 4.990 -0.000 0.000 0.010 0.553 -1.125
0.577 2.370 4.990 0.000 0.000 0.010 0.577 -1.125
0.601 2.420 4.990 0.000 0.000 0.010 0.601 -1.125
0.625 2.470 4.990 0.000 0.000 0.010 0.625 -1.125
0.651 2.520 4.990 -0.000 0.000 0.010 0.651 -1.125
0.676 2.570 4.990 -0.000 0.000 0.010 0.676 -1.125
0.703 2.620 4.990 -0.000 0.000 0.010 0.703 -1.125
0.729 2.670 4.990 0.000 0.000 0.010 0.729 -1.125
0.756 2.720 4.990 -0.000 0.000 0.010 0.756 -1.125
0.784 2.770 4.990 0.000 0.000 0.010 0.784 -1.125
0.812 2.820 4.990 -0.000 0.000 0.010 0.812 -1.125
0.841 2.869 4.990 0.000 0.000 0.010 0.841 -1.125
0.870 2.919 4.990 -0.000 0.000 0.010 0.870 -1.125
0.900 2.969 4.990 0.000 0.000 0.010 0.900 -1.125
0.930 3.019 4.990 0.000 0.000 0.010 0.930 -1.125
0.961 3.069 4.990 0.000 0.000 0.010 0.961 -1.125
0.992 3.119 4.990 -0.000 0.000 0.010 0.992 -1.125
1.024 3.169 4.990 -0.000 0.000 0.010 1.024 -1.125
1.056 3.219 4.990 0.000 0.000 0.010 1.056 -1.125
1.089 3.269 4.990 -0.000 0.000 0.010 1.089 -1.125
1.122 3.319 4.990 0.000 0.000 0.010 1.122 -1.125
1.155 3.368 4.990 0.000 0.000 0.010 1.155 -1.125
1.190 3.418 4.990 -0.000 0.000 0.010 1.190 -1.125
1.224 3.468 4.990 -0.000 0.000 0.010 1.224 -1.125
1.259 3.518 4.990 0.000 0.000 0.010 1.259 -1.125
1.295 3.568 4.990 0.000 0.000 0.010 1.295 -1.125
1.331 3.618 4.990 0.000 0.000 0.010 1.331 -1.125
1.368 3.668 4.990 -0.000 0.000 0.010 1.368 -1.125
1.405 3.718 4.990 0.000 0.000 0.010 1.405 -1.125
1.443 3.768 4.990 -0.000 0.000 0.010 1.443 -1.125
1.481 3.818 4.990 0.000 0.000 0.010 1.481 -1.125
1.520 3.868 4.990 0.000 0.000 0.010 1.520 -1.125
1.559 3.917 4.990 -0.000 0.000 0.010 1.559 -1.125
1.599 3.967 4.990 0.000 0.000 0.010 1.599 -1.125
1.639 4.017 4.990 0.000 0.000 0.010 1.639 -1.125
1.679 4.067 4.990 -0.000 0.000 0.010 1.679 -1.125
1.721 4.117 4.990 0.000 0.000 0.010 1.721 -1.125
1.762 4.167 4.990 -0.000 0.000 0.010 1.762 -1.125
1.804 4.217 4.990 0.000 0.000 0.010 1.804 -1.125
1.847 4.267 4.990 0.000 0.000 0.010 1.847 -1.125
1.890 4.317 4.990 0.000 0.000 0.010 1.890 -1.125
1.934 4.367 4.990 -0.000 0.000 0.010 1.934 -1.125
1.978 4.416 4.990 0.000 0.000 0.010 1.978 -1.125
2.023 4.466 4.990 -0.000 0.000 0.010 2.023 -1.125
2.068 4.516 4.990 0.000 0.000 0.010 2.068 -1.125
2.114 4.566 4.990 0.000 0.000 0.010 2.114 -1.125
2.160 4.616 4.990 -0.000 0.000 0.010 2.160 -1.125
2.206 4.666 4.990 0.000 0.000 0.010 2.206 -1.125
2.254 4.716 4.990 0.000 0.000 0.010 2.254 -1.125
2.301 4.766 4.990 0.000 0.000 0.010 2.301 -1.125
2.349 4.816 4.990 -0.000 0.000 0.010 2.349 -1.125
2.398 4.866 4.990 0.000 0.000 0.010 2.398 -1.125
2.447 4.915 4.990 0.000 0.000 0.010 2.447 -1.125
2.497 4.965 4.990 -0.000 0.000 0.010 2.497 -1.125
2.547 5.015 4.990 0.000 0.000 0.010 2.547 -1.125
2.598 5.065 4.990 0.000 0.000 0.010 2.598 -1.125
2.649 5.115 4.990 -0.000 0.000 0.010 2.649 -1.125
2.700 5.165 4.990 0.000 0.000 0.010 2.700 -1.125
2.753 5.215 4.990 -0.000 0.000 0.010 2.753 -1.125
2.805 5.265 4.990 0.000 0.000 0.010 2.805 -1.125
2.858 5.315 4.990 -0.000 0.000 0.010 2.858 -1.125
2.912 5.365 4.990 0.000 0.000 0.010 2.912 -1.125
2.966 5.415 4.990 -0.000 0.000 0.010 2.966 -1.125
3.021 5.464 4.990 -0.000 0.000 0.010 3.021 -1.125
3.076 5.514 4.990 0.000 0.000 0.010 3.076 -1.125
3.132 5.564 4.990 -0.000 0.000 0.010 3.132 -1.125
3.188 5.614 4.990 0.000 0.000 0.010 3.188 -1.125
3.244 5.664 4.990 -0.000 0.000 0.010 3.244 -1.125
3.302 5.714 4.990 -0.000 0.000 0.010 3.302 -1.125
3.359 5.764 4.990 0.000 0.000 0.010 3.359 -1.125
3.417 5.814 4.990 -0.000 0.000 0.010 3.417 -1.125
3.476 5.864 4.990 0.000 0.000 0.010 3.476 -1.125
3.535 5.914 4.990 -0.000 0.000 0.010 3.535 -1.125
3.595 5.963 4.990 0.000 0.000 0.010 3.595 -1.125
3.655 6.013 4.990 -0.000 0.000 0.010 3.655 -1.125
3.715 6.063 4.990 0.000 0.000 0.010 3.715 -1.125
3.777 6.113 4.990 0.000 0.000 0.010 3.777 -1.125
3.838 6.163 4.990 -0.000 0.000 0.010 3.838 -1.125
3.900 6.213 4.990 0.000 0.000 0.010 3.900 -1.125
3.963 6.263 4.990 0.000 0.000 0.010 3.963 -1.125
4.026 6.313 4.990 -0.000 0.000 0.010 4.026 -1.125
4.090 6.363 4.990 0.000 0.000 0.010 4.090 -1.125
4.154 6.413 4.990 -0.000 0.000 0.010 4.154 -1.125
4.218 6.462 4.990 0.000 0.000 0.010 4.218 -1.125
4.284 6.510 4.713 -27.724 0.000 0.010 4.284 -1.125
4.349 6.551 4.159 -55.448 0.000 0.010 4.349 -1.125
4.415 6.587 3.604 -55.448 0.000 0.010 4.415 -1.125
4.481 6.618 3.050 -55.448 0.000 0.010 4.481 -1.125
4.548 6.643 2.495 -55.448 0.000 0.010 4.548 -1.125
4.614 6.662 1.941 -55.448 0.000 0.010 4.614 -1.125
4.681 6.676 1.386 -55.448 0.000 0.010 4.681 -1.125
4.748 6.683 0.746 -63.984 0.000 0.010 4.748 -1.125
4.815 6.682 -0.171 -91.708 0.000 0.010 4.815 -1.125
4.881 6.672 -1.002 -83.172 0.000 0.010 4.881 -1.125
4.948 6.656 -1.557 -55.448 0.000 0.010 4.948 -1.125
5.014 6.635 -2.111 -55.448 0.000 0.010 5.014 -1.125
5.080 6.608 -2.666 -55.448 0.000 0.010 5.080 -1.125
5.146 6.576 -3.220 -55.448 0.000 0.010 5.146 -1.125
5.211 6.538 -3.775 -55.448 0.000 0.010 5.211 -1.125
5.276 6.495 -4.329 -55.448 0.000 0.010 5.276 -1.125
5.341 6.447 -4.798 -46.913 0.000 0.010 5.341 -1.125
5.405 6.397 -4.990 -19.188 0.000 0.010 5.405 -1.125
5.468 6.347 -4.990 -0.000 0.000 0.010 5.468 -1.125
5.531 6.297 -4.990 -0.000 0.000 0.010 5.531 -1.125
5.594 6.247 -4.990 0.000 0.000 0.010 5.594 -1.125
5.656 6.198 -4.990 -0.000 0.000 0.010 5.656 -1.125
5.717 6.148 -4.990 0.000 0.000 0.010 5.717 -1.125
5.778 6.098 -4.990 0.000 0.000 0.010 5.778 -1.125
5.839 6.048 -4.990 -0.000 0.000 0.010 5.839 -1.125
5.899 5.998 -4.990 0.000 0.000 0.010 5.899 -1.125
5.958 5.948 -4.990 -0.000 0.000 0.010 5.958 -1.125
6.017 5.898 -4.990 0.000 0.000 0.010 6.017 -1.125
6.076 5.848 -4.990 0.000 0.000 0.010 6.076 -1.125
6.134 5.798 -4.990 -0.000 0.000 0.010 6.134 -1.125
6.191 5.748 -4.990 0.000 0.000 0.010 6.191 -1.125
6.248 5.699 -4.990 -0.000 0.000 0.010 6.248 -1.125
6.305 5.649 -4.990 0.000 0.000 0.010 6.305 -1.125
6.361 5.599 -4.990 0.000 0.000 0.010 6.361 -1.125
6.416 5.549 -4.990 -0.000 0.000 0.010 6.416 -1.125
6.471 5.499 -4.990 0.000 0.000 0.010 6.471 -1.125
6.526 5.449 -4.990 -0.000 0.000 0.010 6.526 -1.125
6.579 5.399 -4.990 -0.000 0.000 0.010 6.579 -1.125
6.633 5.349 -4.990 0.000 0.000 0.010 6.633 -1.125
6.686 5.299 -4.990 -0.000 0.000 0.010 6.686 -1.125
6.738 5.249 -4.990 0.000 0.000 0.010 6.738 -1.125
6.790 5.200 -4.990 0.000 0.000 0.010 6.790 -1.125
6.842 5.150 -4.990 -0.000 0.000 0.010 6.842 -1.125
6.893 5.100 -4.990 0.000 0.000 0.010 6.893 -1.125
6.943 5.050 -4.990 0.000 0.000 0.010 6.943 -1.125
6.993 5.000 -4.990 0.000 0.000 0.010 6.993 -1.125
7.043 4.950 -4.990 0.000 0.000 0.010 7.043 -1.125
7.092 4.900 -4.990 -0.000 0.000 0.010 7.092 -1.125
7.140 4.850 -4.990 0.000 0.000 0.010 7.140 -1.125
7.188 4.800 -4.990 0.000 0.000 0.010 7.188 -1.125
7.236 4.750 -4.990 -0.000 0.000 0.010 7.236 -1.125
7.283 4.700 -4.990 0.000 0.000 0.010 7.283 -1.125
7.329 4.651 -4.990 -0.000 0.000 0.010 7.329 -1.125
7.375 4.601 -4.990 0.000 0.000 0.010 7.375 -1.125
7.421 4.551 -4.990 -0.000 0.000 0.010 7.421 -1.125
7.466 4.501 -4.990 -0.000 0.000 0.010 7.466 -1.125
7.511 4.451 -4.990 0.000 0.000 0.010 7.511 -1.125
7.555 4.401 -4.990 -0.000 0.000 0.010 7.555 -1.125
7.598 4.351 -4.990 -0.000 0.000 0.010 7.598 -1.125
7.641 4.301 -4.990 0.000 0.000 0.010 7.641 -1.125
7.684 4.251 -4.990 0.000 0.000 0.010 7.684 -1.125
7.726 4.201 -4.990 0.000 0.000 0.010 7.726 -1.125
7.767 4.152 -4.990 -0.000 0.000 0.010 7.767 -1.125
7.808 4.102 -4.990 0.000 0.000 0.010 7.808 -1.125
7.849 4.052 -4.990 -0.000 0.000 0.010 7.849 -1.125
7.889 4.002 -4.990 0.000 0.000 0.010 7.889 -1.125
7.928 3.952 -4.990 -0.000 0.000 0.010 7.928 -1.125
7.967 3.902 -4.990 0.000 0.000 0.010 7.967 -1.125
8.006 3.852 -4.990 -0.000 0.000 0.010 8.006 -1.125
8.044 3.802 -4.990 0.000 0.000 0.010 8.044 -1.125
8.081 3.752 -4.990 -0.000 0.000 0.010 8.081 -1.125
8.118 3.702 -4.990 0.000 0.000 0.010 8.118 -1.125
8.155 3.653 -4.990 -0.000 0.000 0.010 8.155 -1.125
8.191 3.603 -4.990 0.000 0.000 0.010 8.191 -1.125
8.226 3.553 -4.990 0.000 0.000 0.010 8.226 -1.125
8.261 3.503 -4.990 0.000 0.000 0.010 8.261 -1.125
8.296 3.453 -4.990 -0.000 0.000 0.010 8.296 -1.125
8.330 3.403 -4.990 0.000 0.000 0.010 8.330 -1.125
8.363 3.353 -4.990 0.000 0.000 0.010 8.363 -1.125
8.397 3.303 -4.990 0.000 0.000 0.010 8.397 -1.125
8.429 3.253 -4.990 -0.000 0.000 0.010 8.429 -1.125
8.461 3.203 -4.990 0.000 0.000 0.010 8.461 -1.125
8.493 3.153 -4.990 -0.000 0.000 0.010 8.493 -1.125
8.524 3.104 -4.990 0.000 0.000 0.010 8.524 -1.125
8.554 3.054 -4.990 -0.000 0.000 0.010 8.554 -1.125
8.584 3.004 -4.990 0.000 0.000 0.010 8.584 -1.125
8.614 2.954 -4.990 0.000 0.000 0.010 8.614 -1.125
8.643 2.904 -4.990 -0.000 0.000 0.010 8.643 -1.125
8.671 2.854 -4.990 0.000 0.000 0.010 8.671 -1.125
8.699 2.804 -4.990 0.000 0.000 0.010 8.699 -1.125
8.727 2.754 -4.990 -0.000 0.000 0.010 8.727 -1.125
8.754 2.704 -4.990 0.000 0.000 0.010 8.754 -1.125
8.781 2.654 -4.990 0.000 0.000 0.010 8.781 -1.125
8.807 2.605 -4.990 -0.000 0.000 0.010 8.807 -1.125
8.832 2.555 -4.990 0.000 0.000 0.010 8.832 -1.125
8.857 2.505 -4.990 0.000 0.000 0.010 8.857 -1.125
8.882 2.455 -4.990 -0.000 0.000 0.010 8.882 -1.125
8.906 2.405 -4.990 0.000 0.000 0.010 8.906 -1.125
8.929 2.355 -4.990 -0.000 0.000 0.010 8.929 -1.125
8.952 2.305 -4.990 0.000 0.000 0.010 8.952 -1.125
8.975 2.255 -4.990 0.000 0.000 0.010 8.975 -1.125
8.997 2.205 -4.990 -0.000 0.000 0.010 8.997 -1.125
9.019 2.155 -4.990 0.000 0.000 0.010 9.019 -1.125
9.040 2.106 -4.990 -0.000 0.000 0.010 9.040 -1.125
9.060 2.056 -4.990 0.000 0.000 0.010 9.060 -1.125
9.080 2.006 -4.990 0.000 0.000 0.010 9.080 -1.125
9.100 1.956 -4.990 -0.000 0.000 0.010 9.100 -1.125
9.119 1.906 -4.990 0.000 0.000 0.010 9.119 -1.125
9.137 1.856 -4.990 -0.000 0.000 0.010 9.137 -1.125
9.155 1.806 -4.990 0.000 0.000 0.010 9.155 -1.125
9.173 1.756 -4.990 -0.000 0.000 0.010 9.173 -1.125
9.190 1.706 -4.990 0.000 0.000 0.010 9.190 -1.125
9.207 1.656 -4.990 0.000 0.000 0.010 9.207 -1.125
9.223 1.606 -4.990 -0.000 0.000 0.010 9.223 -1.125
9.238 1.557 -4.990 0.000 0.000 0.010 9.238 -1.125
9.253 1.507 -4.990 0.000 0.000 0.010 9.253 -1.125
9.268 1.457 -4.990 0.000 0.000 0.010 9.268 -1.125
9.282 1.407 -4.990 -0.000 0.000 0.010 9.282 -1.125
9.296 1.357 -4.990 0.000 0.000 0.010 9.296 -1.125
9.309 1.307 -4.990 -0.000 0.000 0.010 9.309 -1.125
9.321 1.257 -4.990 0.000 0.000 0.010 9.321 -1.125
9.333 1.207 -4.990 0.000 0.000 0.010 9.333 -1.125
9.345 1.157 -4.990 -0.000 0.000 0.010 9.345 -1.125
9.356 1.107 -4.990 0.000 0.000 0.010 9.356 -1.125
9.366 1.058 -4.990 0.000 0.000 0.010 9.366 -1.125
9.377 1.008 -4.990 -0.000 0.000 0.010 9.377 -1.125
9.386 0.958 -4.990 0.000 0.000 0.010 9.386 -1.125
9.395 0.908 -4.990 0.000 0.000 0.010 9.395 -1.125
9.404 0.858 -4.990 -0.000 0.000 0.010 9.404 -1.125
9.412 0.808 -4.990 0.000 0.000 0.010 9.412 -1.125
9.419 0.758 -4.990 -0.000 0.000 0.010 9.419 -1.125
9.427 0.708 -4.990 0.000 0.000 0.010 9.427 -1.125
9.433 0.658 -4.990 0.000 0.000 0.010 9.433 -1.125
9.439 0.608 -4.990 -0.000 0.000 0.010 9.439 -1.125
9.445 0.559 -4.990 0.000 0.000 0.010 9.445 -1.125
9.450 0.509 -4.990 -0.000 0.000 0.010 9.450 -1.125
9.454 0.459 -4.990 0.000 0.000 0.010 9.454 -1.125
9.459 0.409 -4.990 0.000 0.000 0.010 9.459 -1.125
9.462 0.359 -4.990 0.000 0.000 0.010 9.462 -1.125
9.465 0.309 -4.990 0.000 0.000 0.010 9.465 -1.125
9.468 0.259 -4.990 0.000 0.000 0.010 9.468 -1.125
9.470 0.210 -4.905 8.536 0.000 0.010 9.470 -1.125
9.472 0.165 -4.542 36.260 0.000 0.010 9.472 -1.125
9.473 0.125 -3.988 55.448 0.000 0.010 9.473 -1.125
9.474 0.090 -3.433 55.448 0.000 0.010 9.474 -1.125
9.474 0.062 -2.879 55.448 0.000 0.010 9.474 -1.125
9.475 0.038 -2.324 55.448 0.000 0.010 9.475 -1.125
9.475 0.021 -1.770 55.448 0.000 0.010 9.475 -1.125
9.475 0.009 -1.215 55.448 0.000 0.010 9.475 -1.125
9.475 0.002 -0.661 55.448 0.000 0.010 9.475 -1.125
9.475 0.000 -0.192 46.913 0.000 0.010 9.475 -1.125
