Gears_Red
291
0.000 0.006 0.572 57.227 3.142 0.010 -0.000 -1.125
0.000 0.011 0.572 0.004 3.142 0.010 -0.000 -1.125
0.000 0.026 1.431 85.862 3.142 0.010 -0.000 -1.125
0.001 0.046 2.004 57.294 3.142 0.010 -0.001 -1.125
0.002 0.072 2.578 57.380 3.142 0.010 -0.002 -1.125
0.003 0.103 3.153 57.520 3.142 0.010 -0.003 -1.125
0.004 0.140 3.730 57.730 3.142 0.010 -0.004 -1.125
0.006 0.184 4.310 58.020 3.142 0.010 -0.006 -1.125
0.008 0.232 4.894 58.406 3.142 0.010 -0.008 -1.125
0.011 0.287 5.483 58.900 3.142 0.010 -0.011 -1.125
0.015 0.348 6.079 59.513 3.142 0.010 -0.015 -1.125
0.019 0.415 6.681 60.259 3.142 0.010 -0.019 -1.125
0.024 0.485 7.004 32.257 3.141 0.010 -0.024 -1.125
0.029 0.555 7.045 4.082 3.141 0.010 -0.029 -1.125
0.035 0.626 7.091 4.645 3.141 0.010 -0.035 -1.125
0.042 0.698 7.143 5.202 3.141 0.010 -0.042 -1.125
0.050 0.770 7.201 5.753 3.141 0.010 -0.050 -1.125
0.058 0.842 7.264 6.296 3.141 0.010 -0.058 -1.125
0.068 0.916 7.332 6.832 3.141 0.010 -0.068 -1.125
0.077 0.990 7.405 7.362 3.141 0.010 -0.077 -1.125
0.088 1.065 7.484 7.886 3.140 0.010 -0.088 -1.125
0.100 1.140 7.568 8.405 3.140 0.010 -0.100 -1.125
0.112 1.217 7.658 8.920 3.139 0.010 -0.112 -1.125
0.125 1.294 7.752 9.432 3.139 0.010 -0.125 -1.125
0.138 1.373 7.851 9.944 3.138 0.010 -0.138 -1.125
0.153 1.452 7.956 10.456 3.138 0.010 -0.153 -1.125
0.168 1.533 8.066 10.972 3.137 0.010 -0.168 -1.125
0.184 1.615 8.181 11.493 3.136 0.010 -0.184 -1.125
0.201 1.698 8.301 12.023 3.135 0.010 -0.201 -1.125
0.219 1.782 8.426 12.563 3.134 0.010 -0.219 -1.124
0.238 1.868 8.558 13.117 3.132 0.010 -0.238 -1.124
0.257 1.955 8.694 13.689 3.131 0.010 -0.257 -1.124
0.278 2.043 8.837 14.283 3.129 0.010 -0.278 -1.124
0.299 2.133 8.986 14.901 3.127 0.010 -0.299 -1.124
0.321 2.224 9.142 15.549 3.125 0.010 -0.321 -1.123
0.345 2.317 9.304 16.229 3.123 0.010 -0.345 -1.123
0.369 2.412 9.474 16.947 3.120 0.010 -0.369 -1.122
0.394 2.509 9.651 17.709 3.118 0.010 -0.394 -1.122
0.420 2.607 9.836 18.516 3.115 0.010 -0.420 -1.121
0.447 2.707 10.030 19.375 3.111 0.010 -0.447 -1.120
0.475 2.810 10.232 20.291 3.108 0.010 -0.475 -1.119
0.504 2.914 10.445 21.268 3.104 0.010 -0.504 -1.118
0.534 3.021 10.668 22.311 3.099 0.010 -0.534 -1.117
0.566 3.130 10.902 23.423 3.095 0.010 -0.566 -1.116
0.598 3.241 11.149 24.610 3.090 0.010 -0.598 -1.114
0.632 3.355 11.407 25.872 3.084 0.010 -0.631 -1.112
0.666 3.472 11.679 27.214 3.079 0.010 -0.666 -1.110
0.702 3.592 11.966 28.635 3.072 0.010 -0.702 -1.108
0.739 3.714 12.267 30.135 3.066 0.010 -0.739 -1.105
0.778 3.840 12.584 31.711 3.058 0.010 -0.777 -1.102
0.818 3.969 12.918 33.357 3.050 0.010 -0.817 -1.099
0.859 4.102 13.268 35.063 3.042 0.010 -0.858 -1.095
0.901 4.238 13.637 36.815 3.033 0.010 -0.900 -1.090
0.945 4.379 14.023 38.594 3.023 0.010 -0.943 -1.085
0.990 4.523 14.426 40.371 3.013 0.010 -0.988 -1.080
1.037 4.671 14.847 42.113 3.002 0.010 -1.034 -1.074
1.085 4.824 15.285 43.772 2.990 0.010 -1.082 -1.067
1.135 4.982 15.738 45.290 2.978 0.010 -1.131 -1.059
1.186 5.144 16.204 46.591 2.964 0.010 -1.182 -1.050
1.239 5.311 16.680 47.587 2.950 0.010 -1.234 -1.040
1.294 5.482 17.161 48.164 2.935 0.010 -1.288 -1.029
1.351 5.659 17.643 48.192 2.919 0.010 -1.343 -1.017
1.409 5.840 18.118 47.514 2.902 0.010 -1.400 -1.004
1.469 6.026 18.578 45.953 2.884 0.010 -1.459 -0.989
1.531 6.216 19.011 43.306 2.864 0.010 -1.519 -0.973
1.596 6.410 19.405 39.357 2.844 0.010 -1.580 -0.955
1.662 6.607 19.743 33.875 2.823 0.010 -1.643 -0.935
1.730 6.807 20.010 26.633 2.800 0.010 -1.707 -0.913
1.800 7.009 20.184 17.425 2.776 0.010 -1.773 -0.888
1.872 7.211 20.245 6.081 2.751 0.010 -1.840 -0.862
1.946 7.413 20.170 -7.494 2.725 0.010 -1.908 -0.833
2.022 7.613 19.937 -23.294 2.697 0.010 -1.977 -0.801
2.100 7.808 19.525 -41.173 2.669 0.010 -2.047 -0.766
2.180 7.997 18.917 -60.822 2.639 0.010 -2.118 -0.729
2.262 8.178 18.100 -81.734 2.609 0.010 -2.189 -0.688
2.345 8.349 17.067 -103.214 2.577 0.010 -2.260 -0.645
2.431 8.507 15.824 -124.383 2.545 0.010 -2.332 -0.598
2.517 8.651 14.381 -144.234 2.512 0.010 -2.402 -0.548
2.605 8.778 12.764 -161.701 2.479 0.010 -2.472 -0.495
2.694 8.888 11.007 -175.754 2.445 0.010 -2.542 -0.440
2.784 8.980 9.152 -185.512 2.411 0.010 -2.609 -0.381
2.874 9.052 7.248 -190.339 2.377 0.010 -2.676 -0.319
2.965 9.106 5.349 -189.923 2.343 0.010 -2.740 -0.255
3.057 9.141 3.506 -184.317 2.309 0.010 -2.803 -0.189
3.148 9.159 1.767 -173.926 2.276 0.010 -2.864 -0.120
3.240 9.160 0.172 -159.465 2.243 0.010 -2.922 -0.049
3.331 9.148 -1.247 -141.857 2.211 0.010 -2.978 0.023
3.422 9.123 -2.468 -122.147 2.180 0.010 -3.031 0.097
3.513 9.088 -3.482 -101.380 2.150 0.010 -3.082 0.173
3.604 9.046 -4.287 -80.525 2.121 0.010 -3.130 0.249
3.694 8.997 -4.891 -60.398 2.093 0.010 -3.176 0.326
3.783 8.944 -5.308 -41.642 2.066 0.010 -3.220 0.405
3.872 8.888 -5.555 -24.696 2.040 0.010 -3.261 0.483
3.960 8.831 -5.653 -9.825 2.015 0.010 -3.300 0.563
4.048 8.775 -5.624 2.869 1.992 0.010 -3.337 0.642
4.135 8.720 -5.490 13.402 1.969 0.010 -3.371 0.722
4.222 8.668 -5.271 21.890 1.948 0.010 -3.404 0.802
4.308 8.618 -4.986 28.503 1.927 0.010 -3.435 0.883
4.394 8.571 -4.652 33.448 1.908 0.010 -3.464 0.964
4.479 8.528 -4.282 36.943 1.889 0.010 -3.492 1.044
4.564 8.489 -3.890 39.212 1.872 0.010 -3.518 1.125
4.649 8.455 -3.486 40.454 1.855 0.010 -3.542 1.206
4.733 8.424 -3.077 40.861 1.840 0.010 -3.565 1.287
4.817 8.397 -2.671 40.598 1.825 0.010 -3.587 1.368
4.901 8.374 -2.273 39.808 1.811 0.010 -3.607 1.449
4.984 8.356 -1.887 38.613 1.798 0.010 -3.626 1.531
5.068 8.340 -1.516 37.113 1.785 0.010 -3.645 1.612
5.151 8.329 -1.162 35.395 1.773 0.010 -3.662 1.694
5.234 8.321 -0.827 33.518 1.762 0.010 -3.678 1.775
5.317 8.315 -0.511 31.543 1.752 0.010 -3.694 1.857
5.400 8.313 -0.216 29.505 1.742 0.010 -3.708 1.939
5.483 8.314 0.058 27.437 1.733 0.010 -3.722 2.021
5.567 8.317 0.312 25.361 1.724 0.010 -3.735 2.103
5.650 8.322 0.545 23.294 1.716 0.010 -3.747 2.185
5.733 8.330 0.757 21.244 1.709 0.010 -3.759 2.268
5.817 8.339 0.949 19.218 1.702 0.010 -3.770 2.350
5.900 8.351 1.122 17.217 1.695 0.010 -3.781 2.433
5.984 8.363 1.274 15.239 1.689 0.010 -3.791 2.516
6.067 8.377 1.407 13.282 1.684 0.010 -3.801 2.599
6.151 8.393 1.520 11.336 1.679 0.010 -3.810 2.683
6.235 8.409 1.614 9.396 1.674 0.010 -3.819 2.766
6.320 8.426 1.689 7.448 1.670 0.010 -3.827 2.850
6.404 8.443 1.743 5.482 1.666 0.010 -3.835 2.934
6.489 8.461 1.778 3.482 1.663 0.010 -3.843 3.019
6.574 8.479 1.793 1.434 1.660 0.010 -3.851 3.103
6.659 8.497 1.786 -0.684 1.658 0.010 -3.859 3.188
6.744 8.514 1.757 -2.890 1.656 0.010 -3.866 3.272
6.829 8.531 1.705 -5.211 1.655 0.010 -3.873 3.357
6.914 8.548 1.628 -7.672 1.654 0.010 -3.880 3.443
7.000 8.563 1.525 -10.307 1.654 0.010 -3.887 3.528
7.086 8.577 1.393 -13.152 1.654 0.010 -3.895 3.613
7.172 8.589 1.231 -16.249 1.654 0.010 -3.902 3.699
7.258 8.599 1.035 -19.648 1.655 0.010 -3.909 3.785
7.344 8.607 0.800 -23.409 1.657 0.010 -3.916 3.870
7.430 8.610 0.247 -55.318 1.659 0.010 -3.924 3.956
7.516 8.604 -0.620 -86.681 1.662 0.010 -3.931 4.042
7.602 8.589 -1.521 -90.174 1.665 0.010 -3.939 4.127
7.687 8.564 -2.463 -94.157 1.669 0.010 -3.948 4.213
7.773 8.529 -3.450 -98.692 1.674 0.010 -3.956 4.298
7.858 8.485 -4.488 -103.854 1.680 0.010 -3.965 4.382
7.942 8.429 -5.586 -109.726 1.686 0.010 -3.975 4.466
8.025 8.361 -6.750 -116.411 1.693 0.010 -3.985 4.549
8.108 8.281 -7.990 -124.021 1.701 0.010 -3.995 4.631
8.190 8.188 -9.317 -132.689 1.710 0.010 -4.006 4.712
8.271 8.080 -10.783 -146.655 1.720 0.010 -4.018 4.792
8.351 7.954 -12.605 -182.174 1.731 0.010 -4.030 4.871
8.429 7.809 -14.494 -188.910 1.743 0.010 -4.043 4.948
8.505 7.647 -16.269 -177.527 1.757 0.010 -4.056 5.023
8.580 7.465 -18.202 -193.241 1.772 0.010 -4.071 5.096
8.652 7.261 -20.310 -210.859 1.788 0.010 -4.086 5.167
8.723 7.035 -22.615 -230.454 1.807 0.010 -4.101 5.236
8.791 6.784 -25.135 -251.978 1.827 0.010 -4.118 5.301
8.856 6.505 -27.887 -275.188 1.849 0.010 -4.135 5.364
8.918 6.196 -30.882 -299.528 1.874 0.010 -4.153 5.424
8.976 5.855 -34.121 -323.942 1.901 0.010 -4.171 5.479
9.031 5.479 -37.588 -346.640 1.931 0.010 -4.190 5.531
9.082 5.067 -41.209 -362.168 1.964 0.010 -4.208 5.578
9.128 4.619 -44.788 -357.903 2.000 0.010 -4.227 5.620
9.169 4.136 -48.276 -348.729 2.040 0.010 -4.245 5.658
9.205 3.620 -51.619 -334.309 2.084 0.010 -4.262 5.690
9.236 3.075 -54.506 -288.687 2.132 0.010 -4.277 5.716
9.261 2.510 -56.499 -199.345 2.185 0.010 -4.291 5.737
9.281 1.940 -57.039 -54.029 2.242 0.010 -4.303 5.752
9.294 1.385 -55.489 155.009 2.304 0.010 -4.312 5.763
9.303 0.872 -51.243 424.684 2.369 0.010 -4.318 5.769
9.307 0.434 -43.899 734.365 2.438 0.010 -4.321 5.772
9.308 0.099 -33.471 1042.777 2.509 0.010 -4.322 5.773
9.310 0.107 0.783 3425.458 2.581 0.010 -4.321 5.772
9.311 0.169 6.239 545.579 2.653 0.010 -4.319 5.771
9.312 0.090 -7.952 -1419.079 2.724 0.010 -4.319 5.771
9.313 0.116 2.686 1063.786 2.792 0.010 -4.320 5.771
9.318 0.422 30.592 2790.519 2.858 0.010 -4.324 5.773
9.325 0.797 37.476 688.441 2.919 0.010 -4.331 5.775
9.338 1.210 41.293 381.724 2.976 0.010 -4.343 5.777
9.354 1.635 42.485 119.201 3.028 0.010 -4.359 5.779
9.374 2.052 41.673 -81.254 3.076 0.010 -4.380 5.781
9.399 2.446 39.488 -218.492 3.120 0.010 -4.404 5.782
9.427 2.811 36.475 -301.244 3.161 0.010 -4.432 5.782
9.458 3.142 33.055 -342.031 3.197 0.010 -4.464 5.781
9.493 3.437 29.523 -353.226 3.231 0.010 -4.498 5.778
9.530 3.698 26.071 -345.185 3.261 0.010 -4.535 5.775
9.569 3.926 22.814 -325.732 3.289 0.010 -4.574 5.769
9.610 4.124 19.810 -300.365 3.315 0.010 -4.614 5.763
9.653 4.295 17.083 -272.720 3.338 0.010 -4.657 5.755
9.698 4.441 14.632 -245.065 3.360 0.010 -4.700 5.746
9.743 4.565 12.445 -218.712 3.379 0.010 -4.745 5.735
9.790 4.671 10.501 -194.357 3.397 0.010 -4.790 5.724
9.838 4.758 8.779 -172.281 3.414 0.010 -4.836 5.712
9.886 4.831 7.253 -152.539 3.430 0.010 -4.882 5.698
9.935 4.890 5.903 -135.028 3.444 0.010 -4.929 5.684
9.984 4.937 4.707 -119.593 3.458 0.010 -4.976 5.669
10.034 4.973 3.647 -106.032 3.470 0.010 -5.023 5.653
10.084 5.000 2.705 -94.143 3.482 0.010 -5.070 5.637
10.134 5.019 1.868 -83.726 3.493 0.010 -5.118 5.620
10.184 5.030 1.122 -74.608 3.503 0.010 -5.165 5.602
10.235 5.035 0.456 -66.613 3.512 0.010 -5.212 5.584
10.285 5.033 -0.140 -59.602 3.521 0.010 -5.259 5.566
10.335 5.027 -0.675 -53.445 3.529 0.010 -5.305 5.547
10.385 5.015 -1.155 -48.029 3.537 0.010 -5.352 5.528
10.435 4.999 -1.588 -43.255 3.545 0.010 -5.398 5.508
10.485 4.980 -1.978 -39.043 3.551 0.010 -5.443 5.489
10.535 4.956 -2.331 -35.316 3.558 0.010 -5.489 5.469
10.584 4.930 -2.651 -32.013 3.564 0.010 -5.534 5.449
10.633 4.900 -2.942 -29.081 3.570 0.010 -5.578 5.428
10.682 4.868 -3.207 -26.471 3.575 0.010 -5.623 5.408
10.730 4.834 -3.448 -24.145 3.581 0.010 -5.667 5.388
10.778 4.797 -3.669 -22.067 3.585 0.010 -5.710 5.367
10.826 4.758 -3.871 -20.207 3.590 0.010 -5.753 5.347
10.873 4.718 -4.056 -18.538 3.594 0.010 -5.795 5.326
10.920 4.676 -4.227 -17.041 3.598 0.010 -5.837 5.306
10.966 4.632 -4.384 -15.691 3.602 0.010 -5.879 5.285
11.012 4.586 -4.528 -14.476 3.606 0.010 -5.920 5.265
11.057 4.540 -4.662 -13.378 3.610 0.010 -5.960 5.244
11.102 4.492 -4.786 -12.384 3.613 0.010 -6.000 5.224
11.147 4.443 -4.901 -11.484 3.616 0.010 -6.040 5.204
11.191 4.393 -5.008 -10.667 3.619 0.010 -6.079 5.183
11.234 4.342 -5.107 -9.924 3.622 0.010 -6.118 5.163
11.277 4.290 -5.199 -9.248 3.624 0.010 -6.156 5.144
11.319 4.237 -5.286 -8.631 3.627 0.010 -6.193 5.124
11.361 4.183 -5.366 -8.070 3.629 0.010 -6.230 5.104
11.402 4.129 -5.442 -7.554 3.632 0.010 -6.267 5.085
11.443 4.074 -5.513 -7.084 3.634 0.010 -6.302 5.066
11.483 4.018 -5.579 -6.653 3.636 0.010 -6.338 5.047
11.523 3.961 -5.642 -6.256 3.638 0.010 -6.373 5.028
11.562 3.904 -5.701 -5.893 3.640 0.010 -6.407 5.009
11.600 3.847 -5.756 -5.560 3.641 0.010 -6.441 4.991
11.638 3.789 -5.809 -5.250 3.643 0.010 -6.474 4.973
11.676 3.730 -5.859 -4.967 3.644 0.010 -6.507 4.955
11.712 3.671 -5.906 -4.705 3.646 0.010 -6.539 4.937
11.748 3.612 -5.950 -4.463 3.647 0.010 -6.571 4.919
11.784 3.552 -5.993 -4.239 3.649 0.010 -6.602 4.902
11.819 3.491 -6.033 -4.032 3.650 0.010 -6.632 4.885
11.853 3.431 -6.071 -3.839 3.651 0.010 -6.662 4.869
11.887 3.370 -6.108 -3.662 3.652 0.010 -6.691 4.852
11.920 3.308 -6.143 -3.495 3.653 0.010 -6.720 4.836
11.952 3.246 -6.176 -3.341 3.654 0.010 -6.749 4.820
11.984 3.184 -6.208 -3.198 3.655 0.010 -6.776 4.804
12.015 3.122 -6.239 -3.063 3.656 0.010 -6.804 4.789
12.046 3.059 -6.268 -2.938 3.657 0.010 -6.830 4.774
12.076 2.996 -6.296 -2.821 3.657 0.010 -6.856 4.759
12.105 2.933 -6.324 -2.710 3.658 0.010 -6.882 4.745
12.134 2.870 -6.350 -2.607 3.659 0.010 -6.907 4.731
12.162 2.806 -6.375 -2.510 3.659 0.010 -6.931 4.717
12.189 2.742 -6.399 -2.418 3.660 0.010 -6.955 4.703
12.216 2.678 -6.422 -2.332 3.660 0.010 -6.978 4.690
12.242 2.613 -6.445 -2.249 3.661 0.010 -7.001 4.677
12.268 2.549 -6.466 -2.172 3.661 0.010 -7.023 4.664
12.293 2.484 -6.487 -2.097 3.662 0.010 -7.045 4.652
12.317 2.419 -6.508 -2.026 3.662 0.010 -7.066 4.640
12.340 2.353 -6.527 -1.959 3.662 0.010 -7.086 4.628
12.363 2.288 -6.546 -1.893 3.663 0.010 -7.106 4.617
12.386 2.222 -6.565 -1.831 3.663 0.010 -7.125 4.606
12.407 2.156 -6.582 -1.770 3.663 0.010 -7.144 4.595
12.428 2.090 -6.599 -1.711 3.663 0.010 -7.162 4.585
12.448 2.024 -6.616 -1.654 3.664 0.010 -7.179 4.575
12.468 1.958 -6.632 -1.598 3.664 0.010 -7.196 4.565
12.487 1.891 -6.647 -1.543 3.664 0.010 -7.213 4.555
12.505 1.825 -6.662 -1.489 3.664 0.010 -7.229 4.546
12.523 1.758 -6.677 -1.436 3.664 0.010 -7.244 4.537
12.539 1.691 -6.690 -1.384 3.664 0.010 -7.259 4.529
12.556 1.624 -6.704 -1.332 3.665 0.010 -7.273 4.521
12.571 1.557 -6.717 -1.281 3.665 0.010 -7.286 4.513
12.586 1.490 -6.729 -1.229 3.665 0.010 -7.299 4.506
12.600 1.422 -6.741 -1.178 3.665 0.010 -7.311 4.499
12.614 1.355 -6.752 -1.127 3.665 0.010 -7.323 4.492
12.627 1.287 -6.763 -1.076 3.665 0.010 -7.334 4.485
12.639 1.219 -6.773 -1.025 3.665 0.010 -7.345 4.479
12.651 1.152 -6.783 -0.973 3.665 0.010 -7.355 4.474
12.661 1.084 -6.792 -0.922 3.665 0.010 -7.364 4.468
12.672 1.016 -6.801 -0.870 3.665 0.010 -7.373 4.463
12.681 0.948 -6.809 -0.817 3.665 0.010 -7.381 4.458
12.690 0.879 -6.816 -0.764 3.665 0.010 -7.389 4.454
12.698 0.811 -6.823 -0.711 3.665 0.010 -7.396 4.450
12.705 0.743 -6.830 -0.658 3.665 0.010 -7.402 4.446
12.712 0.674 -6.836 -0.604 3.665 0.010 -7.408 4.443
12.718 0.606 -6.842 -0.550 3.665 0.010 -7.413 4.440
12.724 0.538 -6.847 -0.495 3.665 0.010 -7.418 4.437
12.728 0.469 -6.851 -0.440 3.665 0.010 -7.422 4.435
12.732 0.401 -6.808 4.305 3.665 0.010 -7.425 4.433
12.736 0.336 -6.478 32.964 3.665 0.010 -7.428 4.431
12.738 0.277 -5.909 56.948 3.665 0.010 -7.431 4.430
12.741 0.224 -5.339 57.018 3.665 0.010 -7.433 4.428
12.742 0.176 -4.768 57.075 3.665 0.010 -7.434 4.428
12.744 0.134 -4.197 57.121 3.665 0.010 -7.435 4.427
12.745 0.098 -3.625 57.156 3.665 0.010 -7.436 4.426
12.745 0.067 -3.053 57.183 3.665 0.010 -7.437 4.426
12.746 0.042 -2.481 57.202 3.665 0.010 -7.437 4.426
12.746 0.023 -1.909 57.214 3.665 0.010 -7.437 4.426
12.746 0.010 -1.337 57.222 3.665 0.010 -7.437 4.426
12.746 0.002 -0.765 57.226 3.665 0.010 -7.438 4.426
12.746 0.000 -0.239 52.535 3.665 0.010 -7.438 4.426
0.000 0.006 0.572 57.227 3.142 0.010 -0.000 1.125
0.000 0.011 0.572 -0.004 3.142 0.010 -0.000 1.125
0.000 0.026 1.430 85.820 3.142 0.010 -0.000 1.125
0.001 0.046 2.002 57.161 3.142 0.010 -0.001 1.125
0.002 0.071 2.573 57.075 3.142 0.010 -0.002 1.125
0.003 0.103 3.142 56.934 3.142 0.010 -0.003 1.125
0.004 0.140 3.709 56.725 3.142 0.010 -0.004 1.125
0.006 0.183 4.274 56.434 3.142 0.010 -0.006 1.125
0.008 0.231 4.834 56.049 3.142 0.010 -0.008 1.125
0.011 0.285 5.390 55.555 3.142 0.010 -0.011 1.125
0.014 0.344 5.939 54.941 3.142 0.010 -0.014 1.125
0.019 0.409 6.481 54.195 3.142 0.010 -0.019 1.125
0.023 0.477 6.731 24.970 3.141 0.010 -0.023 1.125
0.029 0.543 6.690 -4.082 3.141 0.010 -0.029 1.125
0.035 0.610 6.644 -4.645 3.141 0.010 -0.035 1.125
0.042 0.676 6.592 -5.202 3.141 0.010 -0.042 1.125
0.049 0.741 6.534 -5.753 3.141 0.010 -0.049 1.125
0.057 0.806 6.471 -6.296 3.141 0.010 -0.057 1.125
0.066 0.870 6.403 -6.832 3.141 0.010 -0.066 1.125
0.075 0.933 6.329 -7.362 3.141 0.010 -0.075 1.125
0.085 0.996 6.250 -7.886 3.140 0.010 -0.085 1.125
0.096 1.057 6.166 -8.405 3.140 0.010 -0.096 1.125
0.107 1.118 6.077 -8.920 3.139 0.010 -0.107 1.125
0.119 1.178 5.983 -9.432 3.139 0.010 -0.119 1.125
0.131 1.237 5.883 -9.944 3.138 0.010 -0.131 1.125
0.144 1.295 5.779 -10.457 3.138 0.010 -0.144 1.125
0.157 1.351 5.669 -10.972 3.137 0.010 -0.157 1.125
0.171 1.407 5.554 -11.493 3.136 0.010 -0.171 1.125
0.186 1.461 5.434 -12.023 3.135 0.010 -0.186 1.125
0.201 1.514 5.308 -12.563 3.134 0.010 -0.201 1.126
0.217 1.566 5.177 -13.118 3.132 0.010 -0.217 1.126
0.233 1.616 5.040 -13.690 3.131 0.010 -0.233 1.126
0.250 1.665 4.897 -14.283 3.129 0.010 -0.250 1.126
0.267 1.713 4.748 -14.901 3.127 0.010 -0.267 1.126
0.284 1.759 4.593 -15.548 3.125 0.010 -0.284 1.127
0.302 1.803 4.430 -16.230 3.123 0.010 -0.302 1.127
0.321 1.846 4.261 -16.948 3.120 0.010 -0.321 1.127
0.340 1.886 4.084 -17.708 3.118 0.010 -0.340 1.128
0.359 1.925 3.899 -18.517 3.115 0.010 -0.359 1.128
0.379 1.963 3.705 -19.376 3.111 0.010 -0.379 1.129
0.399 1.998 3.502 -20.292 3.108 0.010 -0.399 1.129
0.419 2.030 3.289 -21.269 3.104 0.010 -0.419 1.130
0.440 2.061 3.066 -22.312 3.099 0.010 -0.439 1.131
0.460 2.089 2.832 -23.425 3.095 0.010 -0.460 1.132
0.482 2.115 2.586 -24.611 3.090 0.010 -0.481 1.133
0.503 2.139 2.327 -25.874 3.084 0.010 -0.503 1.134
0.525 2.159 2.055 -27.216 3.079 0.010 -0.524 1.135
0.546 2.177 1.769 -28.637 3.072 0.010 -0.546 1.137
0.568 2.191 1.467 -30.138 3.066 0.010 -0.568 1.138
0.590 2.203 1.150 -31.714 3.058 0.010 -0.590 1.140
0.612 2.211 0.817 -33.360 3.050 0.010 -0.612 1.142
0.635 2.216 0.466 -35.066 3.042 0.010 -0.634 1.144
0.657 2.217 0.098 -36.819 3.033 0.010 -0.656 1.146
0.679 2.214 -0.288 -38.598 3.023 0.010 -0.678 1.149
0.701 2.207 -0.692 -40.377 3.013 0.010 -0.700 1.152
0.723 2.196 -1.113 -42.120 3.002 0.010 -0.722 1.155
0.745 2.180 -1.551 -43.779 2.990 0.010 -0.743 1.158
0.766 2.160 -2.004 -45.298 2.978 0.010 -0.765 1.161
0.788 2.136 -2.470 -46.601 2.964 0.010 -0.786 1.165
0.809 2.106 -2.946 -47.597 2.950 0.010 -0.806 1.169
0.829 2.072 -3.428 -48.176 2.935 0.010 -0.827 1.173
0.850 2.033 -3.910 -48.205 2.919 0.010 -0.847 1.177
0.870 1.989 -4.385 -47.528 2.902 0.010 -0.866 1.182
0.889 1.940 -4.845 -45.968 2.884 0.010 -0.885 1.186
0.908 1.888 -5.278 -43.323 2.864 0.010 -0.903 1.191
0.926 1.831 -5.672 -39.374 2.844 0.010 -0.920 1.197
0.944 1.771 -6.011 -33.893 2.823 0.010 -0.937 1.202
0.961 1.708 -6.277 -26.652 2.800 0.010 -0.953 1.207
0.977 1.644 -6.452 -17.443 2.776 0.010 -0.969 1.213
0.993 1.578 -6.513 -6.098 2.751 0.010 -0.984 1.219
1.008 1.514 -6.438 7.478 2.725 0.010 -0.997 1.225
1.023 1.452 -6.205 23.280 2.697 0.010 -1.011 1.231
1.037 1.394 -5.793 41.164 2.669 0.010 -1.023 1.237
1.050 1.342 -5.185 60.817 2.639 0.010 -1.035 1.243
1.063 1.298 -4.368 81.736 2.609 0.010 -1.046 1.250
1.076 1.265 -3.336 103.222 2.577 0.010 -1.057 1.256
1.088 1.244 -2.092 124.399 2.545 0.010 -1.068 1.263
1.101 1.238 -0.649 144.258 2.512 0.010 -1.078 1.270
1.113 1.247 0.968 161.732 2.479 0.010 -1.088 1.278
1.126 1.275 2.726 175.793 2.445 0.010 -1.098 1.286
1.139 1.320 4.582 185.556 2.411 0.010 -1.108 1.295
1.153 1.385 6.486 190.387 2.377 0.010 -1.118 1.304
1.168 1.469 8.385 189.973 2.343 0.010 -1.128 1.314
1.183 1.571 10.229 184.367 2.309 0.010 -1.139 1.326
1.200 1.691 11.969 173.975 2.276 0.010 -1.150 1.338
1.219 1.827 13.564 159.508 2.243 0.010 -1.162 1.353
1.238 1.977 14.983 141.896 2.211 0.010 -1.174 1.368
1.260 2.139 16.205 122.179 2.180 0.010 -1.186 1.386
1.283 2.311 17.219 101.405 2.150 0.010 -1.199 1.405
1.308 2.491 18.024 80.542 2.121 0.010 -1.212 1.426
1.335 2.677 18.628 60.411 2.093 0.010 -1.226 1.449
1.363 2.868 19.045 41.648 2.066 0.010 -1.240 1.474
1.394 3.061 19.292 24.697 2.040 0.010 -1.254 1.501
1.426 3.255 19.390 9.821 2.015 0.010 -1.269 1.530
1.461 3.448 19.361 -2.875 1.992 0.010 -1.283 1.561
1.497 3.641 19.227 -13.412 1.969 0.010 -1.298 1.595
1.536 3.831 19.008 -21.901 1.948 0.010 -1.312 1.630
1.576 4.018 18.723 -28.515 1.927 0.010 -1.326 1.668
1.618 4.202 18.388 -33.460 1.908 0.010 -1.341 1.707
1.662 4.382 18.019 -36.958 1.889 0.010 -1.355 1.749
1.707 4.558 17.626 -39.223 1.872 0.010 -1.369 1.792
1.754 4.730 17.222 -40.467 1.855 0.010 -1.382 1.838
1.803 4.899 16.813 -40.873 1.840 0.010 -1.396 1.885
1.854 5.063 16.407 -40.609 1.825 0.010 -1.409 1.934
1.906 5.223 16.009 -39.818 1.811 0.010 -1.422 1.984
1.960 5.379 15.622 -38.623 1.798 0.010 -1.434 2.037
2.015 5.531 15.251 -37.123 1.785 0.010 -1.446 2.091
2.072 5.680 14.897 -35.402 1.773 0.010 -1.458 2.146
2.130 5.826 14.562 -33.528 1.762 0.010 -1.469 2.203
2.190 5.968 14.246 -31.550 1.752 0.010 -1.480 2.262
2.251 6.108 13.951 -29.511 1.742 0.010 -1.491 2.322
2.314 6.245 13.677 -27.443 1.733 0.010 -1.501 2.384
2.377 6.379 13.423 -25.367 1.724 0.010 -1.511 2.447
2.443 6.511 13.190 -23.299 1.716 0.010 -1.521 2.511
2.509 6.641 12.978 -21.249 1.709 0.010 -1.530 2.577
2.577 6.769 12.786 -19.222 1.702 0.010 -1.539 2.644
2.646 6.895 12.613 -17.221 1.695 0.010 -1.548 2.712
2.716 7.019 12.461 -15.244 1.689 0.010 -1.557 2.782
2.787 7.143 12.328 -13.285 1.684 0.010 -1.565 2.853
2.860 7.265 12.215 -11.340 1.679 0.010 -1.573 2.925
2.934 7.386 12.121 -9.398 1.674 0.010 -1.581 2.998
3.009 7.506 12.046 -7.451 1.670 0.010 -1.588 3.073
3.085 7.626 11.991 -5.485 1.666 0.010 -1.596 3.149
3.162 7.746 11.956 -3.485 1.663 0.010 -1.603 3.226
3.241 7.865 11.942 -1.436 1.660 0.010 -1.610 3.305
3.321 7.985 11.949 0.681 1.658 0.010 -1.617 3.384
3.402 8.105 11.978 2.888 1.656 0.010 -1.624 3.465
3.484 8.225 12.030 5.208 1.655 0.010 -1.631 3.547
3.568 8.346 12.107 7.670 1.654 0.010 -1.638 3.630
3.652 8.468 12.210 10.304 1.654 0.010 -1.645 3.714
3.738 8.591 12.341 13.148 1.654 0.010 -1.652 3.800
3.826 8.716 12.504 16.245 1.654 0.010 -1.660 3.887
3.914 8.843 12.700 19.644 1.655 0.010 -1.667 3.975
4.004 8.973 12.934 23.405 1.657 0.010 -1.675 4.064
4.095 9.102 12.915 -1.915 1.659 0.010 -1.683 4.155
4.187 9.228 12.637 -27.779 1.662 0.010 -1.691 4.247
4.280 9.352 12.394 -24.288 1.665 0.010 -1.700 4.340
4.375 9.474 12.191 -20.306 1.669 0.010 -1.709 4.434
4.471 9.594 12.033 -15.772 1.674 0.010 -1.718 4.530
4.568 9.714 11.927 -10.612 1.680 0.010 -1.729 4.626
4.667 9.833 11.880 -4.741 1.686 0.010 -1.740 4.724
4.766 9.952 11.899 1.940 1.693 0.010 -1.751 4.823
4.867 10.071 11.995 9.548 1.701 0.010 -1.764 4.923
4.969 10.193 12.177 18.214 1.710 0.010 -1.778 5.024
5.072 10.317 12.405 22.792 1.720 0.010 -1.792 5.126
5.176 10.441 12.416 1.079 1.731 0.010 -1.809 5.229
5.282 10.567 12.588 17.192 1.743 0.010 -1.826 5.333
5.389 10.700 13.218 63.031 1.757 0.010 -1.845 5.439
5.497 10.840 14.005 78.733 1.772 0.010 -1.866 5.545
5.607 10.989 14.969 96.343 1.788 0.010 -1.889 5.652
5.719 11.151 16.128 115.923 1.807 0.010 -1.914 5.761
5.832 11.326 17.502 137.430 1.827 0.010 -1.941 5.871
5.947 11.517 19.108 160.623 1.849 0.010 -1.972 5.982
6.065 11.726 20.958 184.938 1.874 0.010 -2.005 6.094
6.184 11.957 23.051 209.326 1.901 0.010 -2.042 6.208
6.306 12.210 25.371 231.993 1.931 0.010 -2.084 6.323
6.431 12.490 27.940 256.870 1.964 0.010 -2.130 6.439
6.559 12.800 31.038 309.790 2.000 0.010 -2.181 6.557
6.691 13.145 34.522 348.416 2.040 0.010 -2.238 6.675
6.826 13.524 37.861 333.962 2.084 0.010 -2.301 6.794
6.965 13.931 40.745 288.326 2.132 0.010 -2.373 6.914
7.109 14.359 42.735 199.007 2.185 0.010 -2.452 7.033
7.257 14.792 43.272 53.771 2.242 0.010 -2.541 7.152
7.409 15.209 41.721 -155.109 2.304 0.010 -2.639 7.268
7.565 15.584 37.476 -424.540 2.369 0.010 -2.747 7.380
7.723 15.885 30.137 -733.899 2.438 0.010 -2.865 7.487
7.884 16.082 19.718 -1041.923 2.509 0.010 -2.991 7.587
8.046 16.150 6.796 -1292.131 2.581 0.010 -3.124 7.678
8.206 16.075 -7.491 -1428.780 2.653 0.010 -3.263 7.758
8.365 15.858 -21.671 -1417.964 2.724 0.010 -3.406 7.828
8.520 15.515 -34.295 -1262.364 2.792 0.010 -3.550 7.886
8.671 15.073 -44.295 -1000.043 2.858 0.010 -3.693 7.933
8.817 14.561 -51.176 -688.115 2.919 0.010 -3.834 7.969
8.957 14.011 -54.994 -381.728 2.976 0.010 -3.972 7.996
9.091 13.449 -56.188 -119.417 3.028 0.010 -4.105 8.015
9.220 12.895 -55.379 80.918 3.076 0.010 -4.233 8.026
9.344 12.363 -53.198 218.106 3.120 0.010 -4.357 8.032
9.462 11.861 -50.189 300.864 3.161 0.010 -4.475 8.032
9.576 11.394 -46.772 341.679 3.197 0.010 -4.589 8.027
9.686 10.961 -43.243 352.920 3.231 0.010 -4.699 8.020
9.792 10.563 -39.794 344.924 3.261 0.010 -4.804 8.008
9.893 10.198 -36.539 325.515 3.289 0.010 -4.905 7.995
9.992 9.862 -33.537 300.189 3.315 0.010 -5.002 7.979
10.088 9.554 -30.811 272.576 3.338 0.010 -5.096 7.962
10.180 9.271 -28.361 244.945 3.360 0.010 -5.187 7.942
10.270 9.009 -26.175 218.622 3.379 0.010 -5.274 7.922
10.358 8.767 -24.232 194.278 3.397 0.010 -5.359 7.901
10.444 8.542 -22.510 172.223 3.414 0.010 -5.442 7.878
10.527 8.332 -20.985 152.485 3.430 0.010 -5.522 7.855
10.608 8.135 -19.635 134.990 3.444 0.010 -5.600 7.832
10.688 7.951 -18.440 119.560 3.458 0.010 -5.675 7.807
10.765 7.777 -17.380 106.005 3.470 0.010 -5.749 7.783
10.842 7.613 -16.439 94.119 3.482 0.010 -5.821 7.758
10.916 7.457 -15.601 83.712 3.493 0.010 -5.891 7.732
10.989 7.308 -14.856 74.589 3.503 0.010 -5.960 7.707
11.061 7.166 -14.190 66.602 3.512 0.010 -6.027 7.681
11.131 7.030 -13.594 59.593 3.521 0.010 -6.092 7.656
11.200 6.900 -13.059 53.436 3.529 0.010 -6.156 7.630
11.268 6.774 -12.579 48.020 3.537 0.010 -6.219 7.604
11.335 6.653 -12.147 43.250 3.545 0.010 -6.280 7.578
11.400 6.535 -11.756 39.037 3.551 0.010 -6.340 7.552
11.464 6.421 -11.403 35.311 3.558 0.010 -6.399 7.526
11.527 6.310 -11.083 32.009 3.564 0.010 -6.456 7.501
11.589 6.202 -10.792 29.077 3.570 0.010 -6.513 7.475
11.650 6.097 -10.528 26.469 3.575 0.010 -6.568 7.450
11.710 5.994 -10.286 24.142 3.581 0.010 -6.623 7.424
11.769 5.893 -10.065 22.064 3.585 0.010 -6.676 7.399
11.827 5.795 -9.863 20.205 3.590 0.010 -6.728 7.374
11.884 5.698 -9.678 18.538 3.594 0.010 -6.780 7.349
11.940 5.603 -9.508 17.038 3.598 0.010 -6.830 7.325
11.995 5.509 -9.351 15.691 3.602 0.010 -6.879 7.300
12.049 5.417 -9.206 14.475 3.606 0.010 -6.928 7.276
12.103 5.327 -9.072 13.377 3.610 0.010 -6.975 7.252
12.155 5.237 -8.948 12.383 3.613 0.010 -7.022 7.229
12.206 5.149 -8.834 11.483 3.616 0.010 -7.068 7.205
12.257 5.062 -8.727 10.666 3.619 0.010 -7.113 7.182
12.307 4.975 -8.628 9.923 3.622 0.010 -7.157 7.159
12.356 4.890 -8.535 9.247 3.624 0.010 -7.200 7.136
12.404 4.805 -8.449 8.632 3.627 0.010 -7.243 7.114
12.451 4.722 -8.368 8.067 3.629 0.010 -7.285 7.092
12.497 4.639 -8.293 7.556 3.632 0.010 -7.326 7.070
12.543 4.557 -8.222 7.084 3.634 0.010 -7.366 7.049
12.588 4.475 -8.155 6.652 3.636 0.010 -7.405 7.027
12.632 4.394 -8.093 6.257 3.638 0.010 -7.444 7.007
12.675 4.314 -8.034 5.893 3.640 0.010 -7.482 6.986
12.717 4.234 -7.978 5.558 3.641 0.010 -7.519 6.966
12.759 4.155 -7.926 5.252 3.643 0.010 -7.555 6.946
12.799 4.076 -7.876 4.966 3.644 0.010 -7.591 6.926
12.839 3.998 -7.829 4.705 3.646 0.010 -7.626 6.907
12.879 3.920 -7.784 4.463 3.647 0.010 -7.660 6.888
12.917 3.842 -7.742 4.239 3.649 0.010 -7.694 6.869
12.955 3.765 -7.702 4.032 3.650 0.010 -7.727 6.851
12.991 3.689 -7.663 3.840 3.651 0.010 -7.759 6.833
13.028 3.612 -7.627 3.660 3.652 0.010 -7.791 6.815
13.063 3.537 -7.592 3.496 3.653 0.010 -7.822 6.798
13.098 3.461 -7.558 3.341 3.654 0.010 -7.852 6.781
13.131 3.386 -7.526 3.197 3.655 0.010 -7.881 6.764
13.165 3.311 -7.496 3.064 3.656 0.010 -7.910 6.748
13.197 3.236 -7.466 2.938 3.657 0.010 -7.938 6.732
13.229 3.162 -7.438 2.820 3.657 0.010 -7.966 6.717
13.259 3.088 -7.411 2.711 3.658 0.010 -7.993 6.701
13.290 3.014 -7.385 2.607 3.659 0.010 -8.019 6.687
13.319 2.940 -7.360 2.510 3.659 0.010 -8.044 6.672
13.348 2.867 -7.336 2.419 3.660 0.010 -8.069 6.658
13.376 2.794 -7.312 2.331 3.660 0.010 -8.094 6.644
13.403 2.721 -7.290 2.250 3.661 0.010 -8.117 6.631
13.429 2.648 -7.268 2.171 3.661 0.010 -8.140 6.617
13.455 2.576 -7.247 2.097 3.662 0.010 -8.162 6.605
13.480 2.503 -7.227 2.027 3.662 0.010 -8.184 6.592
13.504 2.431 -7.207 1.958 3.662 0.010 -8.205 6.580
13.528 2.359 -7.188 1.894 3.663 0.010 -8.226 6.568
13.551 2.288 -7.170 1.831 3.663 0.010 -8.246 6.557
13.573 2.216 -7.152 1.770 3.663 0.010 -8.265 6.546
13.594 2.145 -7.135 1.711 3.663 0.010 -8.283 6.535
13.615 2.074 -7.119 1.654 3.664 0.010 -8.301 6.525
13.635 2.003 -7.103 1.598 3.664 0.010 -8.319 6.515
13.654 1.932 -7.087 1.543 3.664 0.010 -8.335 6.505
13.673 1.861 -7.072 1.489 3.664 0.010 -8.352 6.496
13.691 1.790 -7.058 1.436 3.664 0.010 -8.367 6.487
13.708 1.720 -7.044 1.384 3.664 0.010 -8.382 6.478
13.725 1.650 -7.031 1.332 3.665 0.010 -8.396 6.470
13.740 1.580 -7.018 1.281 3.665 0.010 -8.410 6.462
13.756 1.509 -7.006 1.230 3.665 0.010 -8.423 6.455
13.770 1.440 -6.994 1.178 3.665 0.010 -8.436 6.448
13.784 1.370 -6.983 1.127 3.665 0.010 -8.447 6.441
13.797 1.300 -6.972 1.076 3.665 0.010 -8.459 6.434
13.809 1.230 -6.962 1.025 3.665 0.010 -8.469 6.428
13.821 1.161 -6.952 0.973 3.665 0.010 -8.479 6.422
13.832 1.091 -6.943 0.922 3.665 0.010 -8.489 6.417
13.842 1.022 -6.934 0.870 3.665 0.010 -8.498 6.412
13.851 0.953 -6.926 0.817 3.665 0.010 -8.506 6.407
13.860 0.884 -6.918 0.764 3.665 0.010 -8.514 6.403
13.868 0.815 -6.911 0.711 3.665 0.010 -8.521 6.398
13.876 0.745 -6.905 0.658 3.665 0.010 -8.527 6.395
13.882 0.676 -6.898 0.604 3.665 0.010 -8.533 6.391
13.889 0.608 -6.893 0.550 3.665 0.010 -8.538 6.388
13.894 0.539 -6.888 0.495 3.665 0.010 -8.543 6.386
13.899 0.470 -6.884 0.440 3.665 0.010 -8.547 6.383
13.903 0.402 -6.833 5.079 3.665 0.010 -8.550 6.381
13.906 0.337 -6.496 33.646 3.665 0.010 -8.553 6.380
13.909 0.277 -5.921 57.506 3.665 0.010 -8.556 6.378
13.911 0.224 -5.347 57.436 3.665 0.010 -8.558 6.377
13.913 0.176 -4.773 57.379 3.665 0.010 -8.559 6.376
13.914 0.134 -4.200 57.334 3.665 0.010 -8.560 6.375
13.915 0.098 -3.627 57.298 3.665 0.010 -8.561 6.375
13.916 0.067 -3.054 57.272 3.665 0.010 -8.562 6.375
13.916 0.042 -2.482 57.253 3.665 0.010 -8.562 6.374
13.916 0.023 -1.909 57.240 3.665 0.010 -8.562 6.374
13.917 0.010 -1.337 57.233 3.665 0.010 -8.562 6.374
13.917 0.002 -0.765 57.229 3.665 0.010 -8.562 6.374
13.917 0.000 -0.239 52.536 3.665 0.010 -8.562 6.374
