Gear_Center_Drive
281
0.000 0.006 0.553 55.282 0.000 0.010 0.000 1.125
0.000 0.011 0.553 0.000 0.000 0.010 0.000 1.125
0.000 0.025 1.382 82.922 0.000 0.010 0.000 1.125
0.001 0.044 1.935 55.282 0.000 0.010 0.001 1.125
0.002 0.069 2.488 55.282 0.000 0.010 0.002 1.125
0.003 0.100 3.040 55.282 0.000 0.010 0.003 1.125
0.004 0.135 3.593 55.282 0.000 0.010 0.004 1.125
0.006 0.174 3.870 27.641 0.000 0.010 0.006 1.125
0.008 0.213 3.870 0.000 0.000 0.010 0.008 1.125
0.010 0.252 3.870 -0.000 0.000 0.010 0.010 1.125
0.013 0.290 3.870 0.000 0.000 0.010 0.013 1.125
0.016 0.329 3.870 -0.000 0.000 0.010 0.016 1.125
0.020 0.368 3.870 -0.000 0.000 0.010 0.020 1.125
0.024 0.406 3.870 0.000 0.000 0.010 0.024 1.125
0.029 0.445 3.870 0.000 0.000 0.010 0.029 1.125
0.033 0.484 3.870 0.000 0.000 0.010 0.033 1.125
0.039 0.522 3.870 -0.000 0.000 0.010 0.039 1.125
0.044 0.561 3.870 0.000 0.000 0.010 0.044 1.125
0.050 0.600 3.870 -0.000 0.000 0.010 0.050 1.125
0.057 0.639 3.870 -0.000 0.000 0.010 0.057 1.125
0.063 0.677 3.870 -0.000 0.000 0.010 0.063 1.125
0.071 0.716 3.870 -0.000 0.000 0.010 0.071 1.125
0.078 0.755 3.870 0.000 0.000 0.010 0.078 1.125
0.086 0.793 3.870 -0.000 0.000 0.010 0.086 1.125
0.094 0.832 3.870 0.000 0.000 0.010 0.094 1.125
0.103 0.871 3.870 0.000 0.000 0.010 0.103 1.125
0.112 0.909 3.870 -0.000 0.000 0.010 0.112 1.125
0.122 0.948 3.870 -0.000 0.000 0.010 0.122 1.125
0.132 0.987 3.870 0.000 0.000 0.010 0.132 1.125
0.142 1.025 3.870 0.000 0.000 0.010 0.142 1.125
0.152 1.064 3.870 -0.000 0.000 0.010 0.152 1.125
0.163 1.103 3.870 0.000 0.000 0.010 0.163 1.125
0.175 1.142 3.870 0.000 0.000 0.010 0.175 1.125
0.187 1.180 3.870 -0.000 0.000 0.010 0.187 1.125
0.199 1.219 3.870 -0.000 0.000 0.010 0.199 1.125
0.211 1.258 3.870 0.000 0.000 0.010 0.211 1.125
0.224 1.296 3.870 -0.000 0.000 0.010 0.224 1.125
0.238 1.335 3.870 -0.000 0.000 0.010 0.238 1.125
0.252 1.374 3.870 0.000 0.000 0.010 0.252 1.125
0.266 1.412 3.870 0.000 0.000 0.010 0.266 1.125
0.280 1.451 3.870 0.000 0.000 0.010 0.280 1.125
0.295 1.490 3.870 -0.000 0.000 0.010 0.295 1.125
0.310 1.529 3.870 0.000 0.000 0.010 0.310 1.125
0.326 1.567 3.870 0.000 0.000 0.010 0.326 1.125
0.342 1.606 3.870 -0.000 0.000 0.010 0.342 1.125
0.359 1.645 3.870 0.000 0.000 0.010 0.359 1.125
0.375 1.683 3.870 0.000 0.000 0.010 0.375 1.125
0.393 1.722 3.870 -0.000 0.000 0.010 0.393 1.125
0.410 1.761 3.870 0.000 0.000 0.010 0.410 1.125
0.428 1.799 3.870 0.000 0.000 0.010 0.428 1.125
0.447 1.838 3.870 0.000 0.000 0.010 0.447 1.125
0.465 1.877 3.870 0.000 0.000 0.010 0.465 1.125
0.484 1.916 3.870 -0.000 0.000 0.010 0.484 1.125
0.504 1.954 3.870 -0.000 0.000 0.010 0.504 1.125
0.524 1.993 3.870 0.000 0.000 0.010 0.524 1.125
0.544 2.032 3.870 -0.000 0.000 0.010 0.544 1.125
0.565 2.070 3.870 0.000 0.000 0.010 0.565 1.125
0.586 2.109 3.870 0.000 0.000 0.010 0.586 1.125
0.608 2.148 3.870 -0.000 0.000 0.010 0.608 1.125
0.629 2.186 3.870 0.000 0.000 0.010 0.629 1.125
0.652 2.225 3.870 -0.000 0.000 0.010 0.652 1.125
0.674 2.264 3.870 -0.000 0.000 0.010 0.674 1.125
0.697 2.302 3.870 0.000 0.000 0.010 0.697 1.125
0.721 2.341 3.870 -0.000 0.000 0.010 0.721 1.125
0.745 2.380 3.870 0.000 0.000 0.010 0.745 1.125
0.769 2.419 3.870 -0.000 0.000 0.010 0.769 1.125
0.793 2.457 3.870 0.000 0.000 0.010 0.793 1.125
0.818 2.496 3.870 -0.000 0.000 0.010 0.818 1.125
0.844 2.535 3.870 0.000 0.000 0.010 0.844 1.125
0.869 2.573 3.870 0.000 0.000 0.010 0.869 1.125
0.895 2.612 3.870 0.000 0.000 0.010 0.895 1.125
0.922 2.651 3.870 -0.000 0.000 0.010 0.922 1.125
0.949 2.689 3.870 0.000 0.000 0.010 0.949 1.125
0.976 2.728 3.870 0.000 0.000 0.010 0.976 1.125
1.004 2.767 3.870 -0.000 0.000 0.010 1.004 1.125
1.032 2.806 3.870 0.000 0.000 0.010 1.032 1.125
1.060 2.844 3.870 0.000 0.000 0.010 1.060 1.125
1.089 2.883 3.870 0.000 0.000 0.010 1.089 1.125
1.118 2.922 3.870 -0.000 0.000 0.010 1.118 1.125
1.148 2.960 3.870 -0.000 0.000 0.010 1.148 1.125
1.178 2.999 3.870 0.000 0.000 0.010 1.178 1.125
1.208 3.038 3.870 -0.000 0.000 0.010 1.208 1.125
1.239 3.076 3.870 0.000 0.000 0.010 1.239 1.125
1.270 3.115 3.870 -0.000 0.000 0.010 1.270 1.125
1.302 3.154 3.870 0.000 0.000 0.010 1.302 1.125
1.334 3.193 3.870 0.000 0.000 0.010 1.334 1.125
1.366 3.231 3.870 -0.000 0.000 0.010 1.366 1.125
1.399 3.270 3.870 0.000 0.000 0.010 1.399 1.125
1.432 3.309 3.870 -0.000 0.000 0.010 1.432 1.125
1.465 3.347 3.870 0.000 0.000 0.010 1.465 1.125
1.499 3.386 3.870 -0.000 0.000 0.010 1.499 1.125
1.533 3.425 3.870 0.000 0.000 0.010 1.533 1.125
1.568 3.463 3.870 -0.000 0.000 0.010 1.568 1.125
1.603 3.502 3.870 0.000 0.000 0.010 1.603 1.125
1.638 3.541 3.870 0.000 0.000 0.010 1.638 1.125
1.674 3.579 3.870 -0.000 0.000 0.010 1.674 1.125
1.710 3.618 3.870 0.000 0.000 0.010 1.710 1.125
1.747 3.657 3.870 -0.000 0.000 0.010 1.747 1.125
1.784 3.696 3.870 0.000 0.000 0.010 1.784 1.125
1.821 3.734 3.870 -0.000 0.000 0.010 1.821 1.125
1.859 3.773 3.870 0.000 0.000 0.010 1.859 1.125
1.897 3.812 3.870 0.000 0.000 0.010 1.897 1.125
1.936 3.850 3.870 -0.000 0.000 0.010 1.936 1.125
1.975 3.889 3.870 0.000 0.000 0.010 1.975 1.125
2.014 3.928 3.870 0.000 0.000 0.010 2.014 1.125
2.053 3.966 3.870 -0.000 0.000 0.010 2.053 1.125
2.094 4.005 3.870 -0.000 0.000 0.010 2.094 1.125
2.134 4.044 3.870 -0.000 0.000 0.010 2.134 1.125
2.175 4.083 3.870 0.000 0.000 0.010 2.175 1.125
2.216 4.121 3.870 -0.000 0.000 0.010 2.216 1.125
2.258 4.160 3.870 0.000 0.000 0.010 2.258 1.125
2.300 4.199 3.870 -0.000 0.000 0.010 2.300 1.125
2.342 4.237 3.870 0.000 0.000 0.010 2.342 1.125
2.385 4.276 3.870 -0.000 0.000 0.010 2.385 1.125
2.428 4.315 3.870 0.000 0.000 0.010 2.428 1.125
2.471 4.353 3.870 -0.000 0.000 0.010 2.471 1.125
2.515 4.392 3.870 -0.000 0.000 0.010 2.515 1.125
2.560 4.431 3.870 0.000 0.000 0.010 2.560 1.125
2.604 4.470 3.870 -0.000 0.000 0.010 2.604 1.125
2.649 4.508 3.870 0.000 0.000 0.010 2.649 1.125
2.695 4.547 3.870 0.000 0.000 0.010 2.695 1.125
2.741 4.586 3.870 -0.000 0.000 0.010 2.741 1.125
2.787 4.624 3.870 0.000 0.000 0.010 2.787 1.125
2.834 4.663 3.870 -0.000 0.000 0.010 2.834 1.125
2.881 4.702 3.870 0.000 0.000 0.010 2.881 1.125
2.928 4.740 3.870 -0.000 0.000 0.010 2.928 1.125
2.976 4.779 3.870 0.000 0.000 0.010 2.976 1.125
3.024 4.818 3.870 0.000 0.000 0.010 3.024 1.125
3.073 4.856 3.870 -0.000 0.000 0.010 3.073 1.125
3.122 4.895 3.870 0.000 0.000 0.010 3.122 1.125
3.171 4.934 3.870 -0.000 0.000 0.010 3.171 1.125
3.221 4.973 3.870 0.000 0.000 0.010 3.221 1.125
3.271 5.011 3.870 0.000 0.000 0.010 3.271 1.125
3.321 5.050 3.870 0.000 0.000 0.010 3.321 1.125
3.372 5.086 3.593 -27.641 0.000 0.010 3.372 1.125
3.423 5.116 3.040 -55.282 0.000 0.010 3.423 1.125
3.475 5.141 2.488 -55.282 0.000 0.010 3.475 1.125
3.526 5.161 1.935 -55.282 0.000 0.010 3.526 1.125
3.578 5.174 1.382 -55.282 0.000 0.010 3.578 1.125
3.630 5.182 0.778 -60.392 0.000 0.010 3.630 1.125
3.682 5.181 -0.102 -88.033 0.000 0.010 3.682 1.125
3.733 5.172 -0.931 -82.922 0.000 0.010 3.733 1.125
3.785 5.157 -1.484 -55.282 0.000 0.010 3.785 1.125
3.836 5.137 -2.037 -55.282 0.000 0.010 3.836 1.125
3.887 5.111 -2.590 -55.282 0.000 0.010 3.887 1.125
3.938 5.079 -3.143 -55.282 0.000 0.010 3.938 1.125
3.989 5.043 -3.644 -50.171 0.000 0.010 3.989 1.125
4.039 5.004 -3.870 -22.530 0.000 0.010 4.039 1.125
4.088 4.965 -3.870 -0.000 0.000 0.010 4.088 1.125
4.138 4.927 -3.870 -0.000 0.000 0.010 4.138 1.125
4.186 4.888 -3.870 0.000 0.000 0.010 4.186 1.125
4.235 4.849 -3.870 0.000 0.000 0.010 4.235 1.125
4.283 4.811 -3.870 -0.000 0.000 0.010 4.283 1.125
4.331 4.772 -3.870 0.000 0.000 0.010 4.331 1.125
4.378 4.733 -3.870 -0.000 0.000 0.010 4.378 1.125
4.425 4.695 -3.870 0.000 0.000 0.010 4.425 1.125
4.472 4.656 -3.870 0.000 0.000 0.010 4.472 1.125
4.518 4.617 -3.870 -0.000 0.000 0.010 4.518 1.125
4.564 4.578 -3.870 0.000 0.000 0.010 4.564 1.125
4.609 4.540 -3.870 -0.000 0.000 0.010 4.609 1.125
4.654 4.501 -3.870 0.000 0.000 0.010 4.654 1.125
4.699 4.462 -3.870 -0.000 0.000 0.010 4.699 1.125
4.743 4.424 -3.870 0.000 0.000 0.010 4.743 1.125
4.787 4.385 -3.870 -0.000 0.000 0.010 4.787 1.125
4.830 4.346 -3.870 0.000 0.000 0.010 4.830 1.125
4.873 4.308 -3.870 -0.000 0.000 0.010 4.873 1.125
4.916 4.269 -3.870 -0.000 0.000 0.010 4.916 1.125
4.958 4.230 -3.870 0.000 0.000 0.010 4.958 1.125
5.000 4.191 -3.870 -0.000 0.000 0.010 5.000 1.125
5.042 4.153 -3.870 0.000 0.000 0.010 5.042 1.125
5.083 4.114 -3.870 -0.000 0.000 0.010 5.083 1.125
5.124 4.075 -3.870 -0.000 0.000 0.010 5.124 1.125
5.164 4.037 -3.870 0.000 0.000 0.010 5.164 1.125
5.204 3.998 -3.870 0.000 0.000 0.010 5.204 1.125
5.243 3.959 -3.870 -0.000 0.000 0.010 5.243 1.125
5.283 3.921 -3.870 0.000 0.000 0.010 5.283 1.125
5.321 3.882 -3.870 0.000 0.000 0.010 5.321 1.125
5.360 3.843 -3.870 0.000 0.000 0.010 5.360 1.125
5.398 3.805 -3.870 0.000 0.000 0.010 5.398 1.125
5.436 3.766 -3.870 -0.000 0.000 0.010 5.436 1.125
5.473 3.727 -3.870 0.000 0.000 0.010 5.473 1.125
5.510 3.688 -3.870 0.000 0.000 0.010 5.510 1.125
5.546 3.650 -3.870 0.000 0.000 0.010 5.546 1.125
5.582 3.611 -3.870 0.000 0.000 0.010 5.582 1.125
5.618 3.572 -3.870 0.000 0.000 0.010 5.618 1.125
5.653 3.534 -3.870 -0.000 0.000 0.010 5.653 1.125
5.688 3.495 -3.870 0.000 0.000 0.010 5.688 1.125
5.723 3.456 -3.870 -0.000 0.000 0.010 5.723 1.125
5.757 3.418 -3.870 0.000 0.000 0.010 5.757 1.125
5.791 3.379 -3.870 0.000 0.000 0.010 5.791 1.125
5.824 3.340 -3.870 -0.000 0.000 0.010 5.824 1.125
5.857 3.301 -3.870 0.000 0.000 0.010 5.857 1.125
5.890 3.263 -3.870 0.000 0.000 0.010 5.890 1.125
5.922 3.224 -3.870 0.000 0.000 0.010 5.922 1.125
5.954 3.185 -3.870 -0.000 0.000 0.010 5.954 1.125
5.986 3.147 -3.870 0.000 0.000 0.010 5.986 1.125
6.017 3.108 -3.870 -0.000 0.000 0.010 6.017 1.125
6.047 3.069 -3.870 0.000 0.000 0.010 6.047 1.125
6.078 3.031 -3.870 -0.000 0.000 0.010 6.078 1.125
6.108 2.992 -3.870 0.000 0.000 0.010 6.108 1.125
6.137 2.953 -3.870 0.000 0.000 0.010 6.137 1.125
6.166 2.914 -3.870 0.000 0.000 0.010 6.166 1.125
6.195 2.876 -3.870 -0.000 0.000 0.010 6.195 1.125
6.223 2.837 -3.870 0.000 0.000 0.010 6.223 1.125
6.251 2.798 -3.870 -0.000 0.000 0.010 6.251 1.125
6.279 2.760 -3.870 0.000 0.000 0.010 6.279 1.125
6.306 2.721 -3.870 -0.000 0.000 0.010 6.306 1.125
6.333 2.682 -3.870 0.000 0.000 0.010 6.333 1.125
6.359 2.644 -3.870 -0.000 0.000 0.010 6.359 1.125
6.385 2.605 -3.870 0.000 0.000 0.010 6.385 1.125
6.411 2.566 -3.870 0.000 0.000 0.010 6.411 1.125
6.436 2.528 -3.870 0.000 0.000 0.010 6.436 1.125
6.461 2.489 -3.870 -0.000 0.000 0.010 6.461 1.125
6.486 2.450 -3.870 0.000 0.000 0.010 6.486 1.125
6.510 2.411 -3.870 0.000 0.000 0.010 6.510 1.125
6.534 2.373 -3.870 0.000 0.000 0.010 6.534 1.125
6.557 2.334 -3.870 -0.000 0.000 0.010 6.557 1.125
6.580 2.295 -3.870 0.000 0.000 0.010 6.580 1.125
6.602 2.257 -3.870 -0.000 0.000 0.010 6.602 1.125
6.625 2.218 -3.870 0.000 0.000 0.010 6.625 1.125
6.646 2.179 -3.870 0.000 0.000 0.010 6.646 1.125
6.668 2.141 -3.870 -0.000 0.000 0.010 6.668 1.125
6.689 2.102 -3.870 -0.000 0.000 0.010 6.689 1.125
6.709 2.063 -3.870 0.000 0.000 0.010 6.709 1.125
6.730 2.024 -3.870 -0.000 0.000 0.010 6.730 1.125
6.750 1.986 -3.870 0.000 0.000 0.010 6.750 1.125
6.769 1.947 -3.870 -0.000 0.000 0.010 6.769 1.125
6.788 1.908 -3.870 -0.000 0.000 0.010 6.788 1.125
6.807 1.870 -3.870 0.000 0.000 0.010 6.807 1.125
6.825 1.831 -3.870 0.000 0.000 0.010 6.825 1.125
6.843 1.792 -3.870 -0.000 0.000 0.010 6.843 1.125
6.861 1.754 -3.870 -0.000 0.000 0.010 6.861 1.125
6.878 1.715 -3.870 0.000 0.000 0.010 6.878 1.125
6.895 1.676 -3.870 0.000 0.000 0.010 6.895 1.125
6.911 1.637 -3.870 0.000 0.000 0.010 6.911 1.125
6.927 1.599 -3.870 0.000 0.000 0.010 6.927 1.125
6.942 1.560 -3.870 -0.000 0.000 0.010 6.942 1.125
6.958 1.521 -3.870 0.000 0.000 0.010 6.958 1.125
6.973 1.483 -3.870 0.000 0.000 0.010 6.973 1.125
6.987 1.444 -3.870 0.000 0.000 0.010 6.987 1.125
7.001 1.405 -3.870 -0.000 0.000 0.010 7.001 1.125
7.015 1.367 -3.870 0.000 0.000 0.010 7.015 1.125
7.028 1.328 -3.870 -0.000 0.000 0.010 7.028 1.125
7.041 1.289 -3.870 0.000 0.000 0.010 7.041 1.125
7.053 1.251 -3.870 -0.000 0.000 0.010 7.053 1.125
7.065 1.212 -3.870 0.000 0.000 0.010 7.065 1.125
7.077 1.173 -3.870 -0.000 0.000 0.010 7.077 1.125
7.089 1.134 -3.870 0.000 0.000 0.010 7.089 1.125
7.100 1.096 -3.870 -0.000 0.000 0.010 7.100 1.125
7.110 1.057 -3.870 0.000 0.000 0.010 7.110 1.125
7.120 1.018 -3.870 -0.000 0.000 0.010 7.120 1.125
7.130 0.980 -3.870 -0.000 0.000 0.010 7.130 1.125
7.139 0.941 -3.870 0.000 0.000 0.010 7.139 1.125
7.148 0.902 -3.870 0.000 0.000 0.010 7.148 1.125
7.157 0.864 -3.870 0.000 0.000 0.010 7.157 1.125
7.165 0.825 -3.870 -0.000 0.000 0.010 7.165 1.125
7.173 0.786 -3.870 -0.000 0.000 0.010 7.173 1.125
7.181 0.747 -3.870 0.000 0.000 0.010 7.181 1.125
7.188 0.709 -3.870 -0.000 0.000 0.010 7.188 1.125
7.194 0.670 -3.870 0.000 0.000 0.010 7.194 1.125
7.201 0.631 -3.870 -0.000 0.000 0.010 7.201 1.125
7.207 0.593 -3.870 0.000 0.000 0.010 7.207 1.125
7.212 0.554 -3.870 -0.000 0.000 0.010 7.212 1.125
7.217 0.515 -3.870 0.000 0.000 0.010 7.217 1.125
7.222 0.477 -3.870 0.000 0.000 0.010 7.222 1.125
7.227 0.438 -3.870 0.000 0.000 0.010 7.227 1.125
7.231 0.399 -3.870 -0.000 0.000 0.010 7.231 1.125
7.234 0.360 -3.870 0.000 0.000 0.010 7.234 1.125
7.237 0.322 -3.870 -0.000 0.000 0.010 7.237 1.125
7.240 0.283 -3.870 -0.000 0.000 0.010 7.240 1.125
7.243 0.244 -3.870 0.000 0.000 0.010 7.243 1.125
7.245 0.206 -3.870 -0.000 0.000 0.010 7.245 1.125
7.246 0.167 -3.870 0.000 0.000 0.010 7.246 1.125
7.248 0.129 -3.819 5.111 0.000 0.010 7.248 1.125
7.249 0.094 -3.491 32.751 0.000 0.010 7.249 1.125
7.249 0.065 -2.938 55.282 0.000 0.010 7.249 1.125
7.250 0.041 -2.385 55.282 0.000 0.010 7.250 1.125
7.250 0.022 -1.833 55.282 0.000 0.010 7.250 1.125
7.250 0.010 -1.280 55.282 0.000 0.010 7.250 1.125
7.250 0.002 -0.727 55.282 0.000 0.010 7.250 1.125
7.250 0.000 -0.225 50.171 0.000 0.010 7.250 1.125
0.000 0.006 0.553 55.282 0.000 0.010 0.000 -1.125
0.000 0.011 0.553 0.000 0.000 0.010 0.000 -1.125
0.000 0.025 1.382 82.922 0.000 0.010 0.000 -1.125
0.001 0.044 1.935 55.282 0.000 0.010 0.001 -1.125
0.002 0.069 2.488 55.282 0.000 0.010 0.002 -1.125
0.003 0.100 3.040 55.282 0.000 0.010 0.003 -1.125
0.004 0.135 3.593 55.282 0.000 0.010 0.004 -1.125
0.006 0.174 3.870 27.641 0.000 0.010 0.006 -1.125
0.008 0.213 3.870 0.000 0.000 0.010 0.008 -1.125
0.010 0.252 3.870 -0.000 0.000 0.010 0.010 -1.125
0.013 0.290 3.870 0.000 0.000 0.010 0.013 -1.125
0.016 0.329 3.870 -0.000 0.000 0.010 0.016 -1.125
0.020 0.368 3.870 -0.000 0.000 0.010 0.020 -1.125
0.024 0.406 3.870 0.000 0.000 0.010 0.024 -1.125
0.029 0.445 3.870 0.000 0.000 0.010 0.029 -1.125
0.033 0.484 3.870 0.000 0.000 0.010 0.033 -1.125
0.039 0.522 3.870 -0.000 0.000 0.010 0.039 -1.125
0.044 0.561 3.870 0.000 0.000 0.010 0.044 -1.125
0.050 0.600 3.870 -0.000 0.000 0.010 0.050 -1.125
0.057 0.639 3.870 -0.000 0.000 0.010 0.057 -1.125
0.063 0.677 3.870 -0.000 0.000 0.010 0.063 -1.125
0.071 0.716 3.870 -0.000 0.000 0.010 0.071 -1.125
0.078 0.755 3.870 0.000 0.000 0.010 0.078 -1.125
0.086 0.793 3.870 -0.000 0.000 0.010 0.086 -1.125
0.094 0.832 3.870 0.000 0.000 0.010 0.094 -1.125
0.103 0.871 3.870 0.000 0.000 0.010 0.103 -1.125
0.112 0.909 3.870 -0.000 0.000 0.010 0.112 -1.125
0.122 0.948 3.870 -0.000 0.000 0.010 0.122 -1.125
0.132 0.987 3.870 0.000 0.000 0.010 0.132 -1.125
0.142 1.025 3.870 0.000 0.000 0.010 0.142 -1.125
0.152 1.064 3.870 -0.000 0.000 0.010 0.152 -1.125
0.163 1.103 3.870 0.000 0.000 0.010 0.163 -1.125
0.175 1.142 3.870 0.000 0.000 0.010 0.175 -1.125
0.187 1.180 3.870 -0.000 0.000 0.010 0.187 -1.125
0.199 1.219 3.870 -0.000 0.000 0.010 0.199 -1.125
0.211 1.258 3.870 0.000 0.000 0.010 0.211 -1.125
0.224 1.296 3.870 -0.000 0.000 0.010 0.224 -1.125
0.238 1.335 3.870 -0.000 0.000 0.010 0.238 -1.125
0.252 1.374 3.870 0.000 0.000 0.010 0.252 -1.125
0.266 1.412 3.870 0.000 0.000 0.010 0.266 -1.125
0.280 1.451 3.870 0.000 0.000 0.010 0.280 -1.125
0.295 1.490 3.870 -0.000 0.000 0.010 0.295 -1.125
0.310 1.529 3.870 0.000 0.000 0.010 0.310 -1.125
0.326 1.567 3.870 0.000 0.000 0.010 0.326 -1.125
0.342 1.606 3.870 -0.000 0.000 0.010 0.342 -1.125
0.359 1.645 3.870 0.000 0.000 0.010 0.359 -1.125
0.375 1.683 3.870 0.000 0.000 0.010 0.375 -1.125
0.393 1.722 3.870 -0.000 0.000 0.010 0.393 -1.125
0.410 1.761 3.870 0.000 0.000 0.010 0.410 -1.125
0.428 1.799 3.870 0.000 0.000 0.010 0.428 -1.125
0.447 1.838 3.870 0.000 0.000 0.010 0.447 -1.125
0.465 1.877 3.870 0.000 0.000 0.010 0.465 -1.125
0.484 1.916 3.870 -0.000 0.000 0.010 0.484 -1.125
0.504 1.954 3.870 -0.000 0.000 0.010 0.504 -1.125
0.524 1.993 3.870 0.000 0.000 0.010 0.524 -1.125
0.544 2.032 3.870 -0.000 0.000 0.010 0.544 -1.125
0.565 2.070 3.870 0.000 0.000 0.010 0.565 -1.125
0.586 2.109 3.870 0.000 0.000 0.010 0.586 -1.125
0.608 2.148 3.870 -0.000 0.000 0.010 0.608 -1.125
0.629 2.186 3.870 0.000 0.000 0.010 0.629 -1.125
0.652 2.225 3.870 -0.000 0.000 0.010 0.652 -1.125
0.674 2.264 3.870 -0.000 0.000 0.010 0.674 -1.125
0.697 2.302 3.870 0.000 0.000 0.010 0.697 -1.125
0.721 2.341 3.870 -0.000 0.000 0.010 0.721 -1.125
0.745 2.380 3.870 0.000 0.000 0.010 0.745 -1.125
0.769 2.419 3.870 -0.000 0.000 0.010 0.769 -1.125
0.793 2.457 3.870 0.000 0.000 0.010 0.793 -1.125
0.818 2.496 3.870 -0.000 0.000 0.010 0.818 -1.125
0.844 2.535 3.870 0.000 0.000 0.010 0.844 -1.125
0.869 2.573 3.870 0.000 0.000 0.010 0.869 -1.125
0.895 2.612 3.870 0.000 0.000 0.010 0.895 -1.125
0.922 2.651 3.870 -0.000 0.000 0.010 0.922 -1.125
0.949 2.689 3.870 0.000 0.000 0.010 0.949 -1.125
0.976 2.728 3.870 0.000 0.000 0.010 0.976 -1.125
1.004 2.767 3.870 -0.000 0.000 0.010 1.004 -1.125
1.032 2.806 3.870 0.000 0.000 0.010 1.032 -1.125
1.060 2.844 3.870 0.000 0.000 0.010 1.060 -1.125
1.089 2.883 3.870 0.000 0.000 0.010 1.089 -1.125
1.118 2.922 3.870 -0.000 0.000 0.010 1.118 -1.125
1.148 2.960 3.870 -0.000 0.000 0.010 1.148 -1.125
1.178 2.999 3.870 0.000 0.000 0.010 1.178 -1.125
1.208 3.038 3.870 -0.000 0.000 0.010 1.208 -1.125
1.239 3.076 3.870 0.000 0.000 0.010 1.239 -1.125
1.270 3.115 3.870 -0.000 0.000 0.010 1.270 -1.125
1.302 3.154 3.870 0.000 0.000 0.010 1.302 -1.125
1.334 3.193 3.870 0.000 0.000 0.010 1.334 -1.125
1.366 3.231 3.870 -0.000 0.000 0.010 1.366 -1.125
1.399 3.270 3.870 0.000 0.000 0.010 1.399 -1.125
1.432 3.309 3.870 -0.000 0.000 0.010 1.432 -1.125
1.465 3.347 3.870 0.000 0.000 0.010 1.465 -1.125
1.499 3.386 3.870 -0.000 0.000 0.010 1.499 -1.125
1.533 3.425 3.870 0.000 0.000 0.010 1.533 -1.125
1.568 3.463 3.870 -0.000 0.000 0.010 1.568 -1.125
1.603 3.502 3.870 0.000 0.000 0.010 1.603 -1.125
1.638 3.541 3.870 0.000 0.000 0.010 1.638 -1.125
1.674 3.579 3.870 -0.000 0.000 0.010 1.674 -1.125
1.710 3.618 3.870 0.000 0.000 0.010 1.710 -1.125
1.747 3.657 3.870 -0.000 0.000 0.010 1.747 -1.125
1.784 3.696 3.870 0.000 0.000 0.010 1.784 -1.125
1.821 3.734 3.870 -0.000 0.000 0.010 1.821 -1.125
1.859 3.773 3.870 0.000 0.000 0.010 1.859 -1.125
1.897 3.812 3.870 0.000 0.000 0.010 1.897 -1.125
1.936 3.850 3.870 -0.000 0.000 0.010 1.936 -1.125
1.975 3.889 3.870 0.000 0.000 0.010 1.975 -1.125
2.014 3.928 3.870 0.000 0.000 0.010 2.014 -1.125
2.053 3.966 3.870 -0.000 0.000 0.010 2.053 -1.125
2.094 4.005 3.870 -0.000 0.000 0.010 2.094 -1.125
2.134 4.044 3.870 -0.000 0.000 0.010 2.134 -1.125
2.175 4.083 3.870 0.000 0.000 0.010 2.175 -1.125
2.216 4.121 3.870 -0.000 0.000 0.010 2.216 -1.125
2.258 4.160 3.870 0.000 0.000 0.010 2.258 -1.125
2.300 4.199 3.870 -0.000 0.000 0.010 2.300 -1.125
2.342 4.237 3.870 0.000 0.000 0.010 2.342 -1.125
2.385 4.276 3.870 -0.000 0.000 0.010 2.385 -1.125
2.428 4.315 3.870 0.000 0.000 0.010 2.428 -1.125
2.471 4.353 3.870 -0.000 0.000 0.010 2.471 -1.125
2.515 4.392 3.870 -0.000 0.000 0.010 2.515 -1.125
2.560 4.431 3.870 0.000 0.000 0.010 2.560 -1.125
2.604 4.470 3.870 -0.000 0.000 0.010 2.604 -1.125
2.649 4.508 3.870 0.000 0.000 0.010 2.649 -1.125
2.695 4.547 3.870 0.000 0.000 0.010 2.695 -1.125
2.741 4.586 3.870 -0.000 0.000 0.010 2.741 -1.125
2.787 4.624 3.870 0.000 0.000 0.010 2.787 -1.125
2.834 4.663 3.870 -0.000 0.000 0.010 2.834 -1.125
2.881 4.702 3.870 0.000 0.000 0.010 2.881 -1.125
2.928 4.740 3.870 -0.000 0.000 0.010 2.928 -1.125
2.976 4.779 3.870 0.000 0.000 0.010 2.976 -1.125
3.024 4.818 3.870 0.000 0.000 0.010 3.024 -1.125
3.073 4.856 3.870 -0.000 0.000 0.010 3.073 -1.125
3.122 4.895 3.870 0.000 0.000 0.010 3.122 -1.125
3.171 4.934 3.870 -0.000 0.000 0.010 3.171 -1.125
3.221 4.973 3.870 0.000 0.000 0.010 3.221 -1.125
3.271 5.011 3.870 0.000 0.000 0.010 3.271 -1.125
3.321 5.050 3.870 0.000 0.000 0.010 3.321 -1.125
3.372 5.086 3.593 -27.641 0.000 0.010 3.372 -1.125
3.423 5.116 3.040 -55.282 0.000 0.010 3.423 -1.125
3.475 5.141 2.488 -55.282 0.000 0.010 3.475 -1.125
3.526 5.161 1.935 -55.282 0.000 0.010 3.526 -1.125
3.578 5.174 1.382 -55.282 0.000 0.010 3.578 -1.125
3.630 5.182 0.778 -60.392 0.000 0.010 3.630 -1.125
3.682 5.181 -0.102 -88.033 0.000 0.010 3.682 -1.125
3.733 5.172 -0.931 -82.922 0.000 0.010 3.733 -1.125
3.785 5.157 -1.484 -55.282 0.000 0.010 3.785 -1.125
3.836 5.137 -2.037 -55.282 0.000 0.010 3.836 -1.125
3.887 5.111 -2.590 -55.282 0.000 0.010 3.887 -1.125
3.938 5.079 -3.143 -55.282 0.000 0.010 3.938 -1.125
3.989 5.043 -3.644 -50.171 0.000 0.010 3.989 -1.125
4.039 5.004 -3.870 -22.530 0.000 0.010 4.039 -1.125
4.088 4.965 -3.870 -0.000 0.000 0.010 4.088 -1.125
4.138 4.927 -3.870 -0.000 0.000 0.010 4.138 -1.125
4.186 4.888 -3.870 0.000 0.000 0.010 4.186 -1.125
4.235 4.849 -3.870 0.000 0.000 0.010 4.235 -1.125
4.283 4.811 -3.870 -0.000 0.000 0.010 4.283 -1.125
4.331 4.772 -3.870 0.000 0.000 0.010 4.331 -1.125
4.378 4.733 -3.870 -0.000 0.000 0.010 4.378 -1.125
4.425 4.695 -3.870 0.000 0.000 0.010 4.425 -1.125
4.472 4.656 -3.870 0.000 0.000 0.010 4.472 -1.125
4.518 4.617 -3.870 -0.000 0.000 0.010 4.518 -1.125
4.564 4.578 -3.870 0.000 0.000 0.010 4.564 -1.125
4.609 4.540 -3.870 -0.000 0.000 0.010 4.609 -1.125
4.654 4.501 -3.870 0.000 0.000 0.010 4.654 -1.125
4.699 4.462 -3.870 -0.000 0.000 0.010 4.699 -1.125
4.743 4.424 -3.870 0.000 0.000 0.010 4.743 -1.125
4.787 4.385 -3.870 -0.000 0.000 0.010 4.787 -1.125
4.830 4.346 -3.870 0.000 0.000 0.010 4.830 -1.125
4.873 4.308 -3.870 -0.000 0.000 0.010 4.873 -1.125
4.916 4.269 -3.870 -0.000 0.000 0.010 4.916 -1.125
4.958 4.230 -3.870 0.000 0.000 0.010 4.958 -1.125
5.000 4.191 -3.870 -0.000 0.000 0.010 5.000 -1.125
5.042 4.153 -3.870 0.000 0.000 0.010 5.042 -1.125
5.083 4.114 -3.870 -0.000 0.000 0.010 5.083 -1.125
5.124 4.075 -3.870 -0.000 0.000 0.010 5.124 -1.125
5.164 4.037 -3.870 0.000 0.000 0.010 5.164 -1.125
5.204 3.998 -3.870 0.000 0.000 0.010 5.204 -1.125
5.243 3.959 -3.870 -0.000 0.000 0.010 5.243 -1.125
5.283 3.921 -3.870 0.000 0.000 0.010 5.283 -1.125
5.321 3.882 -3.870 0.000 0.000 0.010 5.321 -1.125
5.360 3.843 -3.870 0.000 0.000 0.010 5.360 -1.125
5.398 3.805 -3.870 0.000 0.000 0.010 5.398 -1.125
5.436 3.766 -3.870 -0.000 0.000 0.010 5.436 -1.125
5.473 3.727 -3.870 0.000 0.000 0.010 5.473 -1.125
5.510 3.688 -3.870 0.000 0.000 0.010 5.510 -1.125
5.546 3.650 -3.870 0.000 0.000 0.010 5.546 -1.125
5.582 3.611 -3.870 0.000 0.000 0.010 5.582 -1.125
5.618 3.572 -3.870 0.000 0.000 0.010 5.618 -1.125
5.653 3.534 -3.870 -0.000 0.000 0.010 5.653 -1.125
5.688 3.495 -3.870 0.000 0.000 0.010 5.688 -1.125
5.723 3.456 -3.870 -0.000 0.000 0.010 5.723 -1.125
5.757 3.418 -3.870 0.000 0.000 0.010 5.757 -1.125
5.791 3.379 -3.870 0.000 0.000 0.010 5.791 -1.125
5.824 3.340 -3.870 -0.000 0.000 0.010 5.824 -1.125
5.857 3.301 -3.870 0.000 0.000 0.010 5.857 -1.125
5.890 3.263 -3.870 0.000 0.000 0.010 5.890 -1.125
5.922 3.224 -3.870 0.000 0.000 0.010 5.922 -1.125
5.954 3.185 -3.870 -0.000 0.000 0.010 5.954 -1.125
5.986 3.147 -3.870 0.000 0.000 0.010 5.986 -1.125
6.017 3.108 -3.870 -0.000 0.000 0.010 6.017 -1.125
6.047 3.069 -3.870 0.000 0.000 0.010 6.047 -1.125
6.078 3.031 -3.870 -0.000 0.000 0.010 6.078 -1.125
6.108 2.992 -3.870 0.000 0.000 0.010 6.108 -1.125
6.137 2.953 -3.870 0.000 0.000 0.010 6.137 -1.125
6.166 2.914 -3.870 0.000 0.000 0.010 6.166 -1.125
6.195 2.876 -3.870 -0.000 0.000 0.010 6.195 -1.125
6.223 2.837 -3.870 0.000 0.000 0.010 6.223 -1.125
6.251 2.798 -3.870 -0.000 0.000 0.010 6.251 -1.125
6.279 2.760 -3.870 0.000 0.000 0.010 6.279 -1.125
6.306 2.721 -3.870 -0.000 0.000 0.010 6.306 -1.125
6.333 2.682 -3.870 0.000 0.000 0.010 6.333 -1.125
6.359 2.644 -3.870 -0.000 0.000 0.010 6.359 -1.125
6.385 2.605 -3.870 0.000 0.000 0.010 6.385 -1.125
6.411 2.566 -3.870 0.000 0.000 0.010 6.411 -1.125
6.436 2.528 -3.870 0.000 0.000 0.010 6.436 -1.125
6.461 2.489 -3.870 -0.000 0.000 0.010 6.461 -1.125
6.486 2.450 -3.870 0.000 0.000 0.010 6.486 -1.125
6.510 2.411 -3.870 0.000 0.000 0.010 6.510 -1.125
6.534 2.373 -3.870 0.000 0.000 0.010 6.534 -1.125
6.557 2.334 -3.870 -0.000 0.000 0.010 6.557 -1.125
6.580 2.295 -3.870 0.000 0.000 0.010 6.580 -1.125
6.602 2.257 -3.870 -0.000 0.000 0.010 6.602 -1.125
6.625 2.218 -3.870 0.000 0.000 0.010 6.625 -1.125
6.646 2.179 -3.870 0.000 0.000 0.010 6.646 -1.125
6.668 2.141 -3.870 -0.000 0.000 0.010 6.668 -1.125
6.689 2.102 -3.870 -0.000 0.000 0.010 6.689 -1.125
6.709 2.063 -3.870 0.000 0.000 0.010 6.709 -1.125
6.730 2.024 -3.870 -0.000 0.000 0.010 6.730 -1.125
6.750 1.986 -3.870 0.000 0.000 0.010 6.750 -1.125
6.769 1.947 -3.870 -0.000 0.000 0.010 6.769 -1.125
6.788 1.908 -3.870 -0.000 0.000 0.010 6.788 -1.125
6.807 1.870 -3.870 0.000 0.000 0.010 6.807 -1.125
6.825 1.831 -3.870 0.000 0.000 0.010 6.825 -1.125
6.843 1.792 -3.870 -0.000 0.000 0.010 6.843 -1.125
6.861 1.754 -3.870 -0.000 0.000 0.010 6.861 -1.125
6.878 1.715 -3.870 0.000 0.000 0.010 6.878 -1.125
6.895 1.676 -3.870 0.000 0.000 0.010 6.895 -1.125
6.911 1.637 -3.870 0.000 0.000 0.010 6.911 -1.125
6.927 1.599 -3.870 0.000 0.000 0.010 6.927 -1.125
6.942 1.560 -3.870 -0.000 0.000 0.010 6.942 -1.125
6.958 1.521 -3.870 0.000 0.000 0.010 6.958 -1.125
6.973 1.483 -3.870 0.000 0.000 0.010 6.973 -1.125
6.987 1.444 -3.870 0.000 0.000 0.010 6.987 -1.125
7.001 1.405 -3.870 -0.000 0.000 0.010 7.001 -1.125
7.015 1.367 -3.870 0.000 0.000 0.010 7.015 -1.125
7.028 1.328 -3.870 -0.000 0.000 0.010 7.028 -1.125
7.041 1.289 -3.870 0.000 0.000 0.010 7.041 -1.125
7.053 1.251 -3.870 -0.000 0.000 0.010 7.053 -1.125
7.065 1.212 -3.870 0.000 0.000 0.010 7.065 -1.125
7.077 1.173 -3.870 -0.000 0.000 0.010 7.077 -1.125
7.089 1.134 -3.870 0.000 0.000 0.010 7.089 -1.125
7.100 1.096 -3.870 -0.000 0.000 0.010 7.100 -1.125
7.110 1.057 -3.870 0.000 0.000 0.010 7.110 -1.125
7.120 1.018 -3.870 -0.000 0.000 0.010 7.120 -1.125
7.130 0.980 -3.870 -0.000 0.000 0.010 7.130 -1.125
7.139 0.941 -3.870 0.000 0.000 0.010 7.139 -1.125
7.148 0.902 -3.870 0.000 0.000 0.010 7.148 -1.125
7.157 0.864 -3.870 0.000 0.000 0.010 7.157 -1.125
7.165 0.825 -3.870 -0.000 0.000 0.010 7.165 -1.125
7.173 0.786 -3.870 -0.000 0.000 0.010 7.173 -1.125
7.181 0.747 -3.870 0.000 0.000 0.010 7.181 -1.125
7.188 0.709 -3.870 -0.000 0.000 0.010 7.188 -1.125
7.194 0.670 -3.870 0.000 0.000 0.010 7.194 -1.125
7.201 0.631 -3.870 -0.000 0.000 0.010 7.201 -1.125
7.207 0.593 -3.870 0.000 0.000 0.010 7.207 -1.125
7.212 0.554 -3.870 -0.000 0.000 0.010 7.212 -1.125
7.217 0.515 -3.870 0.000 0.000 0.010 7.217 -1.125
7.222 0.477 -3.870 0.000 0.000 0.010 7.222 -1.125
7.227 0.438 -3.870 0.000 0.000 0.010 7.227 -1.125
7.231 0.399 -3.870 -0.000 0.000 0.010 7.231 -1.125
7.234 0.360 -3.870 0.000 0.000 0.010 7.234 -1.125
7.237 0.322 -3.870 -0.000 0.000 0.010 7.237 -1.125
7.240 0.283 -3.870 -0.000 0.000 0.010 7.240 -1.125
7.243 0.244 -3.870 0.000 0.000 0.010 7.243 -1.125
7.245 0.206 -3.870 -0.000 0.000 0.010 7.245 -1.125
7.246 0.167 -3.870 0.000 0.000 0.010 7.246 -1.125
7.248 0.129 -3.819 5.111 0.000 0.010 7.248 -1.125
7.249 0.094 -3.491 32.751 0.000 0.010 7.249 -1.125
7.249 0.065 -2.938 55.282 0.000 0.010 7.249 -1.125
7.250 0.041 -2.385 55.282 0.000 0.010 7.250 -1.125
7.250 0.022 -1.833 55.282 0.000 0.010 7.250 -1.125
7.250 0.010 -1.280 55.282 0.000 0.010 7.250 -1.125
7.250 0.002 -0.727 55.282 0.000 0.010 7.250 -1.125
7.250 0.000 -0.225 50.171 0.000 0.010 7.250 -1.125
