Gear_Red
323
0.000 0.006 0.574 57.405 0.000 0.010 0.000 1.125
0.000 0.011 0.574 -0.016 0.000 0.010 0.000 1.125
0.000 0.026 1.434 86.028 0.000 0.010 0.000 1.125
0.001 0.046 2.006 57.153 0.000 0.010 0.001 1.125
0.002 0.072 2.574 56.826 0.000 0.010 0.002 1.125
0.003 0.103 3.137 56.291 0.000 0.010 0.003 1.125
0.004 0.140 3.692 55.496 0.000 0.010 0.004 1.125
0.006 0.182 4.236 54.392 0.000 0.010 0.006 1.125
0.008 0.230 4.765 52.930 0.000 0.010 0.008 1.125
0.011 0.283 5.276 51.061 0.000 0.010 0.011 1.125
0.014 0.340 5.763 48.741 0.000 0.010 0.014 1.125
0.018 0.403 6.222 45.927 0.000 0.010 0.018 1.125
0.023 0.469 6.648 42.578 0.000 0.010 0.023 1.125
0.028 0.537 6.761 11.265 0.001 0.010 0.028 1.125
0.034 0.602 6.568 -19.233 0.001 0.010 0.034 1.125
0.041 0.666 6.352 -21.633 0.001 0.010 0.041 1.125
0.048 0.727 6.112 -23.974 0.002 0.010 0.048 1.125
0.056 0.785 5.850 -26.254 0.002 0.010 0.056 1.125
0.065 0.841 5.565 -28.467 0.003 0.010 0.065 1.125
0.074 0.894 5.259 -30.610 0.004 0.010 0.074 1.125
0.083 0.943 4.932 -32.678 0.005 0.010 0.083 1.125
0.093 0.989 4.586 -34.670 0.007 0.010 0.093 1.125
0.103 1.031 4.220 -36.581 0.009 0.010 0.103 1.125
0.114 1.069 3.836 -38.408 0.011 0.010 0.114 1.125
0.125 1.104 3.434 -40.146 0.013 0.010 0.125 1.126
0.136 1.134 3.016 -41.788 0.016 0.010 0.136 1.126
0.148 1.160 2.583 -43.326 0.019 0.010 0.148 1.126
0.160 1.181 2.136 -44.749 0.023 0.010 0.160 1.126
0.172 1.198 1.675 -46.043 0.027 0.010 0.172 1.126
0.184 1.210 1.203 -47.187 0.032 0.010 0.184 1.127
0.196 1.217 0.722 -48.157 0.038 0.010 0.196 1.127
0.208 1.219 0.233 -48.921 0.044 0.010 0.208 1.128
0.220 1.217 -0.262 -49.437 0.051 0.010 0.220 1.128
0.232 1.209 -0.758 -49.658 0.058 0.010 0.232 1.129
0.244 1.197 -1.254 -49.521 0.066 0.010 0.244 1.130
0.256 1.179 -1.743 -48.956 0.075 0.010 0.256 1.131
0.268 1.157 -2.222 -47.880 0.085 0.010 0.268 1.131
0.279 1.130 -2.684 -46.196 0.096 0.010 0.279 1.132
0.290 1.099 -3.122 -43.799 0.108 0.010 0.290 1.134
0.301 1.064 -3.528 -40.572 0.121 0.010 0.300 1.135
0.311 1.025 -3.892 -36.395 0.135 0.010 0.310 1.136
0.321 0.983 -4.203 -31.146 0.149 0.010 0.320 1.138
0.330 0.938 -4.450 -24.713 0.165 0.010 0.329 1.139
0.339 0.892 -4.620 -16.999 0.182 0.010 0.338 1.141
0.347 0.845 -4.700 -7.940 0.200 0.010 0.347 1.142
0.355 0.798 -4.675 2.487 0.219 0.010 0.354 1.144
0.363 0.753 -4.532 14.243 0.240 0.010 0.362 1.146
0.370 0.710 -4.260 27.215 0.261 0.010 0.369 1.147
0.377 0.672 -3.848 41.201 0.283 0.010 0.375 1.149
0.383 0.639 -3.289 55.905 0.306 0.010 0.381 1.151
0.389 0.613 -2.580 70.932 0.330 0.010 0.387 1.153
0.395 0.596 -1.722 85.799 0.355 0.010 0.393 1.155
0.401 0.589 -0.722 99.960 0.381 0.010 0.398 1.157
0.407 0.593 0.406 112.828 0.407 0.010 0.404 1.159
0.413 0.609 1.644 123.828 0.434 0.010 0.409 1.162
0.420 0.639 2.969 132.435 0.461 0.010 0.415 1.164
0.426 0.682 4.351 138.227 0.488 0.010 0.421 1.168
0.434 0.740 5.760 140.925 0.516 0.010 0.427 1.171
0.442 0.812 7.164 140.418 0.543 0.010 0.434 1.175
0.451 0.897 8.532 136.778 0.571 0.010 0.442 1.180
0.461 0.995 9.835 130.247 0.598 0.010 0.450 1.186
0.472 1.106 11.047 121.215 0.625 0.010 0.459 1.192
0.484 1.227 12.149 110.178 0.652 0.010 0.469 1.199
0.498 1.359 13.126 97.695 0.678 0.010 0.480 1.208
0.513 1.498 13.969 84.336 0.703 0.010 0.492 1.217
0.529 1.645 14.675 70.645 0.728 0.010 0.504 1.228
0.547 1.798 15.246 57.109 0.752 0.010 0.517 1.240
0.567 1.954 15.688 44.124 0.776 0.010 0.531 1.254
0.588 2.114 16.008 32.005 0.798 0.010 0.546 1.269
0.611 2.277 16.217 20.964 0.820 0.010 0.562 1.285
0.635 2.440 16.329 11.134 0.841 0.010 0.578 1.303
0.661 2.603 16.354 2.569 0.862 0.010 0.596 1.323
0.689 2.767 16.307 -4.735 0.881 0.010 0.613 1.344
0.718 2.929 16.199 -10.830 0.900 0.010 0.632 1.367
0.749 3.089 16.041 -15.797 0.918 0.010 0.651 1.391
0.781 3.247 15.843 -19.741 0.935 0.010 0.670 1.417
0.815 3.404 15.616 -22.772 0.952 0.010 0.690 1.444
0.851 3.557 15.366 -25.007 0.968 0.010 0.711 1.474
0.888 3.708 15.100 -26.560 0.983 0.010 0.731 1.504
0.927 3.856 14.825 -27.535 0.997 0.010 0.753 1.537
0.967 4.002 14.544 -28.032 1.011 0.010 0.774 1.570
1.008 4.144 14.263 -28.135 1.024 0.010 0.796 1.606
1.051 4.284 13.984 -27.920 1.037 0.010 0.818 1.642
1.095 4.421 13.709 -27.458 1.049 0.010 0.840 1.681
1.141 4.556 13.441 -26.798 1.061 0.010 0.863 1.720
1.188 4.688 13.181 -25.995 1.072 0.010 0.885 1.761
1.236 4.817 12.930 -25.084 1.082 0.010 0.908 1.804
1.285 4.944 12.689 -24.096 1.092 0.010 0.931 1.847
1.336 5.068 12.459 -23.066 1.102 0.010 0.954 1.893
1.388 5.191 12.239 -22.004 1.111 0.010 0.977 1.939
1.441 5.311 12.029 -20.935 1.120 0.010 1.001 1.987
1.495 5.429 11.831 -19.869 1.129 0.010 1.024 2.036
1.551 5.546 11.643 -18.816 1.137 0.010 1.048 2.086
1.607 5.661 11.465 -17.787 1.144 0.010 1.071 2.137
1.665 5.773 11.297 -16.782 1.152 0.010 1.095 2.190
1.724 5.885 11.139 -15.809 1.159 0.010 1.119 2.244
1.784 5.995 10.990 -14.871 1.166 0.010 1.143 2.299
1.845 6.103 10.850 -13.964 1.172 0.010 1.166 2.355
1.907 6.210 10.719 -13.094 1.178 0.010 1.190 2.412
1.970 6.316 10.597 -12.259 1.184 0.010 1.214 2.471
2.034 6.421 10.482 -11.460 1.190 0.010 1.238 2.530
2.100 6.525 10.375 -10.689 1.195 0.010 1.263 2.591
2.166 6.628 10.276 -9.954 1.200 0.010 1.287 2.653
2.233 6.730 10.183 -9.248 1.205 0.010 1.311 2.715
2.301 6.831 10.098 -8.567 1.210 0.010 1.335 2.779
2.371 6.931 10.019 -7.914 1.214 0.010 1.360 2.844
2.441 7.030 9.946 -7.285 1.218 0.010 1.384 2.910
2.512 7.129 9.879 -6.674 1.222 0.010 1.408 2.977
2.585 7.227 9.818 -6.085 1.226 0.010 1.433 3.045
2.658 7.325 9.763 -5.510 1.229 0.010 1.458 3.114
2.732 7.422 9.714 -4.950 1.233 0.010 1.482 3.184
2.807 7.519 9.670 -4.400 1.236 0.010 1.507 3.255
2.883 7.615 9.631 -3.859 1.239 0.010 1.532 3.327
2.961 7.711 9.598 -3.323 1.242 0.010 1.557 3.400
3.039 7.807 9.570 -2.790 1.244 0.010 1.582 3.474
3.118 7.902 9.547 -2.257 1.247 0.010 1.607 3.549
3.198 7.997 9.530 -1.718 1.249 0.010 1.633 3.624
3.279 8.093 9.518 -1.174 1.251 0.010 1.658 3.701
3.360 8.188 9.512 -0.618 1.253 0.010 1.684 3.779
3.443 8.283 9.512 -0.047 1.254 0.010 1.710 3.858
3.527 8.378 9.517 0.545 1.256 0.010 1.736 3.937
3.612 8.473 9.529 1.160 1.257 0.010 1.762 4.018
3.697 8.569 9.547 1.807 1.258 0.010 1.788 4.099
3.784 8.664 9.572 2.490 1.259 0.010 1.815 4.182
3.872 8.761 9.604 3.216 1.260 0.010 1.842 4.265
3.960 8.857 9.644 3.994 1.261 0.010 1.869 4.350
4.050 8.954 9.692 4.832 1.261 0.010 1.896 4.435
4.140 9.051 9.750 5.742 1.261 0.010 1.924 4.521
4.232 9.150 9.817 6.736 1.261 0.010 1.952 4.608
4.324 9.248 9.895 7.828 1.261 0.010 1.980 4.696
4.418 9.348 9.986 9.034 1.260 0.010 2.009 4.785
4.512 9.449 10.089 10.374 1.259 0.010 2.037 4.875
4.608 9.551 10.208 11.873 1.258 0.010 2.067 4.966
4.704 9.655 10.344 13.557 1.257 0.010 2.097 5.058
4.802 9.757 10.206 -13.797 1.256 0.010 2.127 5.151
4.900 9.855 9.792 -41.359 1.254 0.010 2.157 5.244
5.000 9.949 9.395 -39.703 1.252 0.010 2.188 5.339
5.100 10.039 9.017 -37.797 1.249 0.010 2.220 5.434
5.202 10.125 8.661 -35.602 1.247 0.010 2.252 5.530
5.304 10.209 8.330 -33.073 1.244 0.010 2.285 5.627
5.407 10.289 8.029 -30.153 1.240 0.010 2.318 5.724
5.510 10.367 7.761 -26.774 1.236 0.010 2.352 5.822
5.615 10.442 7.532 -22.852 1.232 0.010 2.386 5.921
5.720 10.515 7.350 -18.286 1.227 0.010 2.422 6.020
5.826 10.588 7.220 -12.947 1.222 0.010 2.458 6.120
5.932 10.659 7.153 -6.679 1.216 0.010 2.494 6.220
6.040 10.731 7.160 0.716 1.209 0.010 2.532 6.320
6.148 10.806 7.567 40.617 1.202 0.010 2.571 6.421
6.257 10.890 8.401 83.476 1.194 0.010 2.610 6.523
6.366 10.984 9.386 98.474 1.185 0.010 2.651 6.624
6.477 11.090 10.555 116.844 1.176 0.010 2.693 6.727
6.589 11.209 11.950 139.540 1.165 0.010 2.737 6.830
6.703 11.346 13.628 167.849 1.153 0.010 2.782 6.934
6.818 11.502 15.664 203.502 1.140 0.010 2.830 7.039
6.935 11.684 18.152 248.864 1.125 0.010 2.879 7.145
7.054 11.896 21.224 307.224 1.108 0.010 2.931 7.252
7.175 12.147 25.056 383.160 1.089 0.010 2.987 7.360
7.300 12.446 29.887 483.131 1.067 0.010 3.046 7.470
7.428 12.806 36.050 616.310 1.042 0.010 3.109 7.581
7.560 13.246 44.008 795.742 1.013 0.010 3.177 7.694
7.698 13.790 54.407 1039.873 0.980 0.010 3.252 7.810
7.843 14.472 68.148 1374.129 0.940 0.010 3.335 7.929
7.996 15.336 86.461 1831.307 0.892 0.010 3.428 8.050
8.161 16.446 110.927 2446.601 0.835 0.010 3.535 8.175
8.339 17.878 143.275 3234.819 0.765 0.010 3.660 8.304
8.537 19.723 184.456 4118.133 0.678 0.010 3.808 8.434
8.757 22.041 231.861 4740.409 0.571 0.010 3.986 8.563
9.005 24.772 273.066 4120.560 0.440 0.010 4.203 8.684
9.280 27.550 277.757 469.122 0.284 0.010 4.460 8.781
9.576 29.586 203.676 -7408.142 0.109 0.010 4.751 8.839
9.876 30.000 41.319 -16235.691 6.214 0.010 5.051 8.845
10.162 28.580 -141.928 -18324.720 6.049 0.010 5.333 8.802
10.422 26.016 -256.446 -11451.759 5.906 0.010 5.581 8.723
10.654 23.211 -280.490 -2404.466 5.789 0.010 5.791 8.625
10.861 20.710 -250.080 3041.024 5.693 0.010 5.969 8.518
11.048 18.677 -203.299 4678.125 5.616 0.010 6.120 8.408
11.219 17.082 -159.559 4373.968 5.553 0.010 6.251 8.298
11.377 15.838 -124.342 3521.709 5.501 0.010 6.366 8.190
11.526 14.864 -97.443 2689.900 5.458 0.010 6.469 8.082
11.667 14.090 -77.359 2008.411 5.421 0.010 6.562 7.977
11.801 13.466 -62.438 1492.131 5.389 0.010 6.648 7.873
11.931 12.953 -51.317 1112.047 5.362 0.010 6.728 7.771
12.056 12.523 -42.976 834.166 5.338 0.010 6.803 7.671
12.178 12.156 -36.672 630.346 5.317 0.010 6.873 7.571
12.296 11.837 -31.876 479.610 5.299 0.010 6.939 7.473
12.412 11.555 -28.207 366.956 5.282 0.010 7.002 7.377
12.525 11.301 -25.389 281.786 5.267 0.010 7.062 7.281
12.635 11.069 -23.222 216.641 5.254 0.010 7.120 7.187
12.744 10.855 -21.443 177.894 5.242 0.010 7.176 7.093
12.850 10.657 -19.740 170.365 5.231 0.010 7.229 7.001
12.955 10.476 -18.155 158.431 5.220 0.010 7.280 6.910
13.058 10.307 -16.836 131.947 5.211 0.010 7.330 6.819
13.160 10.150 -15.728 110.773 5.203 0.010 7.378 6.730
13.260 10.002 -14.791 93.700 5.195 0.010 7.425 6.642
13.358 9.862 -13.993 79.789 5.187 0.010 7.470 6.554
13.456 9.729 -13.309 68.394 5.181 0.010 7.514 6.467
13.552 9.602 -12.720 58.960 5.174 0.010 7.558 6.381
13.647 9.480 -12.209 51.118 5.168 0.010 7.600 6.297
13.740 9.362 -11.763 44.540 5.163 0.010 7.641 6.212
13.833 9.249 -11.373 39.001 5.158 0.010 7.681 6.129
13.924 9.138 -11.030 34.302 5.153 0.010 7.720 6.046
14.014 9.031 -10.727 30.293 5.148 0.010 7.758 5.965
14.104 8.926 -10.459 26.867 5.144 0.010 7.796 5.884
14.192 8.824 -10.219 23.913 5.140 0.010 7.832 5.803
14.279 8.724 -10.006 21.354 5.136 0.010 7.868 5.724
14.365 8.626 -9.814 19.143 5.133 0.010 7.904 5.645
14.451 8.530 -9.642 17.206 5.129 0.010 7.938 5.567
14.535 8.435 -9.487 15.514 5.126 0.010 7.972 5.490
14.618 8.341 -9.347 14.027 5.123 0.010 8.006 5.414
14.701 8.249 -9.220 12.723 5.120 0.010 8.039 5.338
14.782 8.158 -9.104 11.558 5.117 0.010 8.071 5.263
14.863 8.068 -8.999 10.535 5.115 0.010 8.102 5.189
14.943 7.979 -8.903 9.622 5.112 0.010 8.134 5.115
15.022 7.891 -8.815 8.807 5.110 0.010 8.164 5.043
15.100 7.804 -8.734 8.077 5.107 0.010 8.194 4.971
15.177 7.717 -8.659 7.427 5.105 0.010 8.224 4.899
15.253 7.631 -8.591 6.838 5.103 0.010 8.253 4.829
15.329 7.546 -8.528 6.311 5.101 0.010 8.282 4.759
15.403 7.461 -8.470 5.832 5.099 0.010 8.310 4.690
15.477 7.377 -8.416 5.402 5.098 0.010 8.338 4.622
15.550 7.293 -8.366 5.010 5.096 0.010 8.365 4.554
15.622 7.210 -8.319 4.655 5.094 0.010 8.392 4.487
15.694 7.127 -8.276 4.331 5.093 0.010 8.419 4.421
15.764 7.045 -8.235 4.039 5.091 0.010 8.445 4.356
15.834 6.963 -8.198 3.766 5.090 0.010 8.470 4.291
15.902 6.881 -8.162 3.522 5.088 0.010 8.496 4.227
15.970 6.800 -8.129 3.299 5.087 0.010 8.521 4.164
16.038 6.719 -8.099 3.086 5.086 0.010 8.545 4.101
16.104 6.638 -8.070 2.902 5.085 0.010 8.569 4.039
16.170 6.558 -8.042 2.725 5.083 0.010 8.593 3.978
16.234 6.478 -8.017 2.564 5.082 0.010 8.617 3.918
16.298 6.398 -7.993 2.416 5.081 0.010 8.640 3.858
16.361 6.318 -7.970 2.279 5.080 0.010 8.662 3.799
16.424 6.239 -7.948 2.151 5.079 0.010 8.685 3.741
16.485 6.159 -7.928 2.034 5.078 0.010 8.707 3.683
16.546 6.080 -7.909 1.926 5.077 0.010 8.729 3.627
16.606 6.001 -7.890 1.824 5.077 0.010 8.750 3.571
16.666 5.923 -7.873 1.731 5.076 0.010 8.771 3.515
16.724 5.844 -7.857 1.642 5.075 0.010 8.792 3.461
16.782 5.766 -7.841 1.564 5.074 0.010 8.812 3.407
16.838 5.687 -7.826 1.486 5.074 0.010 8.832 3.353
16.895 5.609 -7.812 1.417 5.073 0.010 8.852 3.301
16.950 5.531 -7.798 1.351 5.072 0.010 8.872 3.249
17.004 5.453 -7.786 1.290 5.072 0.010 8.891 3.198
17.058 5.376 -7.773 1.232 5.071 0.010 8.910 3.148
17.111 5.298 -7.761 1.179 5.070 0.010 8.928 3.098
17.163 5.221 -7.750 1.129 5.070 0.010 8.947 3.049
17.215 5.143 -7.739 1.081 5.069 0.010 8.965 3.001
17.265 5.066 -7.729 1.038 5.069 0.010 8.982 2.954
17.315 4.989 -7.719 0.996 5.068 0.010 9.000 2.907
17.364 4.912 -7.709 0.956 5.068 0.010 9.017 2.861
17.413 4.835 -7.700 0.921 5.068 0.010 9.034 2.816
17.460 4.758 -7.691 0.886 5.067 0.010 9.050 2.771
17.507 4.681 -7.683 0.852 5.067 0.010 9.066 2.727
17.553 4.604 -7.675 0.824 5.066 0.010 9.082 2.684
17.599 4.528 -7.667 0.793 5.066 0.010 9.098 2.641
17.643 4.451 -7.659 0.766 5.066 0.010 9.113 2.600
17.687 4.374 -7.652 0.741 5.065 0.010 9.129 2.559
17.730 4.298 -7.644 0.715 5.065 0.010 9.143 2.518
17.772 4.222 -7.638 0.694 5.065 0.010 9.158 2.479
17.813 4.145 -7.631 0.670 5.065 0.010 9.172 2.440
17.854 4.069 -7.624 0.650 5.064 0.010 9.186 2.402
17.894 3.993 -7.618 0.630 5.064 0.010 9.200 2.364
17.933 3.917 -7.612 0.611 5.064 0.010 9.214 2.327
17.972 3.841 -7.606 0.592 5.064 0.010 9.227 2.291
18.009 3.765 -7.600 0.577 5.063 0.010 9.240 2.256
18.046 3.689 -7.595 0.558 5.063 0.010 9.252 2.221
18.082 3.613 -7.589 0.544 5.063 0.010 9.265 2.187
18.118 3.537 -7.584 0.528 5.063 0.010 9.277 2.154
18.152 3.461 -7.579 0.513 5.063 0.010 9.289 2.122
18.186 3.385 -7.574 0.499 5.063 0.010 9.300 2.090
18.219 3.310 -7.569 0.486 5.062 0.010 9.312 2.059
18.252 3.234 -7.564 0.473 5.062 0.010 9.323 2.028
18.283 3.159 -7.560 0.460 5.062 0.010 9.334 1.999
18.314 3.083 -7.555 0.447 5.062 0.010 9.344 1.970
18.344 3.007 -7.551 0.436 5.062 0.010 9.355 1.941
18.373 2.932 -7.547 0.424 5.062 0.010 9.365 1.914
18.402 2.857 -7.542 0.412 5.062 0.010 9.374 1.887
18.430 2.781 -7.538 0.402 5.062 0.010 9.384 1.861
18.457 2.706 -7.534 0.390 5.062 0.010 9.393 1.835
18.483 2.631 -7.531 0.379 5.062 0.010 9.402 1.811
18.509 2.555 -7.527 0.369 5.062 0.010 9.411 1.787
18.533 2.480 -7.523 0.358 5.061 0.010 9.419 1.763
18.558 2.405 -7.520 0.348 5.061 0.010 9.428 1.741
18.581 2.330 -7.517 0.338 5.061 0.010 9.436 1.719
18.603 2.255 -7.513 0.327 5.061 0.010 9.443 1.698
18.625 2.179 -7.510 0.318 5.061 0.010 9.451 1.677
18.646 2.104 -7.507 0.307 5.061 0.010 9.458 1.658
18.666 2.029 -7.504 0.297 5.061 0.010 9.465 1.638
18.686 1.954 -7.501 0.287 5.061 0.010 9.472 1.620
18.705 1.879 -7.498 0.277 5.061 0.010 9.478 1.602
18.723 1.804 -7.496 0.267 5.061 0.010 9.484 1.585
18.740 1.729 -7.493 0.257 5.061 0.010 9.490 1.569
18.757 1.655 -7.491 0.246 5.061 0.010 9.496 1.554
18.773 1.580 -7.488 0.236 5.061 0.010 9.501 1.539
18.788 1.505 -7.486 0.226 5.061 0.010 9.506 1.525
18.802 1.430 -7.484 0.216 5.061 0.010 9.511 1.511
18.815 1.355 -7.482 0.206 5.061 0.010 9.516 1.498
18.828 1.280 -7.480 0.196 5.061 0.010 9.520 1.486
18.840 1.206 -7.478 0.185 5.061 0.010 9.524 1.475
18.852 1.131 -7.476 0.175 5.061 0.010 9.528 1.464
18.862 1.056 -7.475 0.164 5.061 0.010 9.532 1.455
18.872 0.981 -7.473 0.154 5.061 0.010 9.535 1.445
18.881 0.907 -7.472 0.143 5.061 0.010 9.538 1.437
18.889 0.832 -7.470 0.133 5.061 0.010 9.541 1.429
18.897 0.757 -7.469 0.122 5.061 0.010 9.544 1.422
18.904 0.683 -7.468 0.111 5.061 0.010 9.546 1.415
18.910 0.608 -7.467 0.100 5.061 0.010 9.548 1.410
18.915 0.533 -7.466 0.090 5.061 0.010 9.550 1.405
18.920 0.460 -7.363 10.308 5.061 0.010 9.551 1.400
18.924 0.390 -6.973 39.002 5.061 0.010 9.553 1.397
18.927 0.326 -6.398 57.463 5.061 0.010 9.554 1.394
18.930 0.268 -5.824 57.449 5.061 0.010 9.555 1.391
18.932 0.215 -5.250 57.438 5.061 0.010 9.556 1.389
18.933 0.168 -4.675 57.429 5.061 0.010 9.556 1.388
18.935 0.127 -4.101 57.422 5.061 0.010 9.557 1.386
18.936 0.092 -3.527 57.416 5.061 0.010 9.557 1.386
18.936 0.063 -2.953 57.412 5.061 0.010 9.557 1.385
18.937 0.039 -2.379 57.409 5.061 0.010 9.557 1.385
18.937 0.021 -1.805 57.407 5.061 0.010 9.557 1.384
18.937 0.008 -1.231 57.406 5.061 0.010 9.557 1.384
18.937 0.002 -0.657 57.405 5.061 0.010 9.557 1.384
18.937 0.000 -0.185 47.177 5.061 0.010 9.557 1.384
0.000 0.006 0.574 57.405 0.000 0.010 0.000 -1.125
0.000 0.011 0.574 0.016 0.000 0.010 0.000 -1.125
0.000 0.026 1.436 86.188 0.000 0.010 0.000 -1.125
0.001 0.046 2.013 57.657 0.000 0.010 0.001 -1.125
0.002 0.072 2.593 57.984 0.000 0.010 0.002 -1.125
0.003 0.104 3.178 58.520 0.000 0.010 0.003 -1.125
0.004 0.141 3.771 59.314 0.000 0.010 0.004 -1.125
0.006 0.185 4.375 60.418 0.000 0.010 0.006 -1.125
0.008 0.235 4.994 61.881 0.000 0.010 0.008 -1.125
0.011 0.291 5.631 63.749 0.000 0.010 0.011 -1.125
0.015 0.354 6.292 66.069 0.000 0.010 0.015 -1.125
0.019 0.424 6.981 68.884 0.000 0.010 0.019 -1.125
0.024 0.501 7.703 72.233 0.000 0.010 0.024 -1.125
0.030 0.583 8.165 46.141 0.001 0.010 0.030 -1.125
0.036 0.666 8.357 19.233 0.001 0.010 0.036 -1.125
0.044 0.752 8.573 21.632 0.001 0.010 0.044 -1.125
0.052 0.840 8.813 23.974 0.002 0.010 0.052 -1.125
0.062 0.931 9.076 26.254 0.002 0.010 0.062 -1.125
0.072 1.025 9.360 28.467 0.003 0.010 0.072 -1.125
0.083 1.121 9.666 30.609 0.004 0.010 0.083 -1.125
0.095 1.221 9.993 32.678 0.005 0.010 0.095 -1.125
0.109 1.325 10.340 34.670 0.007 0.010 0.109 -1.125
0.123 1.432 10.706 36.581 0.009 0.010 0.123 -1.125
0.138 1.543 11.090 38.408 0.011 0.010 0.138 -1.124
0.155 1.657 11.491 40.145 0.013 0.010 0.155 -1.124
0.173 1.777 11.909 41.787 0.016 0.010 0.173 -1.124
0.192 1.900 12.342 43.325 0.019 0.010 0.192 -1.124
0.212 2.028 12.790 44.748 0.023 0.010 0.212 -1.123
0.234 2.160 13.250 46.042 0.027 0.010 0.234 -1.123
0.257 2.298 13.722 47.186 0.032 0.010 0.256 -1.122
0.281 2.440 14.204 48.155 0.038 0.010 0.281 -1.121
0.307 2.587 14.693 48.918 0.044 0.010 0.307 -1.120
0.334 2.738 15.187 49.434 0.051 0.010 0.334 -1.119
0.363 2.895 15.684 49.654 0.058 0.010 0.363 -1.117
0.394 3.057 16.179 49.517 0.066 0.010 0.393 -1.115
0.426 3.224 16.668 48.951 0.075 0.010 0.426 -1.113
0.460 3.395 17.147 47.874 0.085 0.010 0.459 -1.110
0.496 3.571 17.609 46.190 0.096 0.010 0.495 -1.107
0.533 3.752 18.047 43.791 0.108 0.010 0.532 -1.103
0.572 3.936 18.452 40.564 0.121 0.010 0.571 -1.099
0.614 4.124 18.816 36.386 0.135 0.010 0.612 -1.094
0.657 4.316 19.128 31.136 0.149 0.010 0.655 -1.087
0.702 4.509 19.375 24.703 0.165 0.010 0.700 -1.080
0.749 4.705 19.545 16.989 0.182 0.010 0.746 -1.072
0.798 4.901 19.624 7.929 0.200 0.010 0.794 -1.063
0.849 5.097 19.599 -2.497 0.219 0.010 0.844 -1.052
0.902 5.292 19.456 -14.253 0.240 0.010 0.895 -1.040
0.957 5.484 19.184 -27.224 0.261 0.010 0.949 -1.027
1.013 5.671 18.772 -41.208 0.283 0.010 1.003 -1.011
1.072 5.853 18.213 -55.910 0.306 0.010 1.059 -0.994
1.132 6.028 17.504 -70.933 0.330 0.010 1.117 -0.976
1.194 6.195 16.646 -85.799 0.355 0.010 1.175 -0.955
1.258 6.351 15.646 -99.955 0.381 0.010 1.234 -0.932
1.323 6.497 14.518 -112.821 0.407 0.010 1.294 -0.907
1.389 6.629 13.280 -123.815 0.434 0.010 1.355 -0.880
1.456 6.749 11.956 -132.421 0.461 0.010 1.416 -0.851
1.525 6.855 10.573 -138.208 0.488 0.010 1.476 -0.819
1.594 6.946 9.164 -140.905 0.516 0.010 1.537 -0.786
1.665 7.024 7.760 -140.398 0.543 0.010 1.598 -0.751
1.736 7.088 6.393 -136.754 0.571 0.010 1.658 -0.713
1.807 7.139 5.091 -130.225 0.598 0.010 1.718 -0.674
1.879 7.177 3.879 -121.193 0.625 0.010 1.776 -0.632
1.951 7.205 2.777 -110.159 0.652 0.010 1.834 -0.589
2.023 7.223 1.800 -97.677 0.678 0.010 1.891 -0.545
2.095 7.233 0.957 -84.320 0.703 0.010 1.947 -0.499
2.168 7.235 0.251 -70.635 0.728 0.010 2.001 -0.451
2.240 7.232 -0.320 -57.096 0.752 0.010 2.055 -0.403
2.312 7.225 -0.761 -44.119 0.776 0.010 2.107 -0.353
2.384 7.214 -1.081 -31.999 0.798 0.010 2.158 -0.301
2.456 7.201 -1.291 -20.962 0.820 0.010 2.208 -0.249
2.528 7.187 -1.402 -11.133 0.841 0.010 2.256 -0.196
2.600 7.172 -1.428 -2.570 0.862 0.010 2.303 -0.142
2.672 7.159 -1.381 4.735 0.881 0.010 2.349 -0.088
2.743 7.146 -1.272 10.827 0.900 0.010 2.394 -0.032
2.814 7.135 -1.114 15.794 0.918 0.010 2.438 0.024
2.886 7.126 -0.917 19.735 0.935 0.010 2.481 0.081
2.957 7.119 -0.689 22.767 0.952 0.010 2.523 0.139
3.028 7.114 -0.439 25.003 0.968 0.010 2.564 0.197
3.099 7.113 -0.174 26.554 0.983 0.010 2.603 0.256
3.170 7.114 0.101 27.532 0.997 0.010 2.642 0.316
3.241 7.117 0.382 28.026 1.011 0.010 2.681 0.376
3.313 7.124 0.663 28.130 1.024 0.010 2.718 0.436
3.384 7.133 0.942 27.917 1.037 0.010 2.755 0.497
3.455 7.146 1.217 27.451 1.049 0.010 2.791 0.559
3.527 7.161 1.485 26.796 1.061 0.010 2.826 0.621
3.599 7.178 1.745 25.991 1.072 0.010 2.861 0.684
3.671 7.198 1.995 25.078 1.082 0.010 2.895 0.748
3.743 7.220 2.236 24.097 1.092 0.010 2.928 0.812
3.816 7.245 2.467 23.059 1.102 0.010 2.961 0.876
3.888 7.272 2.687 22.002 1.111 0.010 2.994 0.941
3.961 7.301 2.896 20.932 1.120 0.010 3.026 1.007
4.035 7.332 3.095 19.866 1.129 0.010 3.058 1.073
4.108 7.365 3.283 18.815 1.137 0.010 3.089 1.139
4.182 7.399 3.461 17.783 1.144 0.010 3.120 1.207
4.257 7.435 3.629 16.781 1.152 0.010 3.150 1.275
4.331 7.473 3.787 15.808 1.159 0.010 3.181 1.343
4.406 7.513 3.936 14.867 1.166 0.010 3.210 1.412
4.482 7.553 4.075 13.963 1.172 0.010 3.240 1.481
4.558 7.595 4.206 13.094 1.178 0.010 3.269 1.551
4.634 7.639 4.329 12.258 1.184 0.010 3.298 1.622
4.711 7.683 4.443 11.456 1.190 0.010 3.327 1.693
4.788 7.729 4.550 10.691 1.195 0.010 3.356 1.765
4.866 7.775 4.650 9.953 1.200 0.010 3.384 1.838
4.944 7.823 4.742 9.245 1.205 0.010 3.412 1.911
5.023 7.871 4.828 8.568 1.210 0.010 3.440 1.984
5.102 7.920 4.907 7.913 1.214 0.010 3.468 2.058
5.182 7.970 4.980 7.282 1.218 0.010 3.496 2.133
5.262 8.020 5.046 6.675 1.222 0.010 3.523 2.208
5.343 8.071 5.107 6.084 1.226 0.010 3.551 2.284
5.424 8.123 5.162 5.510 1.229 0.010 3.578 2.361
5.506 8.175 5.212 4.949 1.233 0.010 3.605 2.438
5.588 8.228 5.256 4.400 1.236 0.010 3.632 2.516
5.671 8.281 5.294 3.858 1.239 0.010 3.659 2.594
5.754 8.334 5.328 3.323 1.242 0.010 3.686 2.673
5.838 8.387 5.356 2.790 1.244 0.010 3.713 2.752
5.923 8.441 5.378 2.255 1.247 0.010 3.740 2.832
6.008 8.495 5.395 1.719 1.249 0.010 3.767 2.913
6.093 8.549 5.407 1.173 1.251 0.010 3.794 2.994
6.179 8.603 5.413 0.618 1.253 0.010 3.821 3.075
6.266 8.657 5.414 0.046 1.254 0.010 3.848 3.158
6.353 8.712 5.408 -0.544 1.256 0.010 3.875 3.240
6.440 8.766 5.397 -1.161 1.257 0.010 3.902 3.324
6.529 8.819 5.379 -1.807 1.258 0.010 3.930 3.408
6.617 8.873 5.354 -2.490 1.259 0.010 3.957 3.492
6.707 8.926 5.322 -3.216 1.260 0.010 3.984 3.577
6.796 8.979 5.282 -3.994 1.261 0.010 4.012 3.663
6.887 9.031 5.233 -4.833 1.261 0.010 4.039 3.749
6.978 9.083 5.176 -5.743 1.261 0.010 4.067 3.835
7.069 9.134 5.108 -6.737 1.261 0.010 4.095 3.922
7.161 9.184 5.030 -7.828 1.261 0.010 4.123 4.010
7.253 9.234 4.940 -9.035 1.260 0.010 4.151 4.098
7.346 9.282 4.836 -10.375 1.259 0.010 4.179 4.186
7.439 9.329 4.717 -11.874 1.258 0.010 4.208 4.275
7.533 9.375 4.582 -13.558 1.257 0.010 4.237 4.364
7.627 9.417 4.146 -43.610 1.256 0.010 4.266 4.453
7.722 9.451 3.411 -73.454 1.254 0.010 4.295 4.543
7.816 9.477 2.660 -75.109 1.252 0.010 4.325 4.633
7.911 9.496 1.890 -77.016 1.249 0.010 4.355 4.723
8.006 9.507 1.098 -79.211 1.247 0.010 4.385 4.814
8.101 9.510 0.280 -81.740 1.244 0.010 4.415 4.904
8.197 9.504 -0.566 -84.661 1.240 0.010 4.446 4.994
8.291 9.490 -1.447 -88.041 1.236 0.010 4.477 5.083
8.386 9.466 -2.366 -91.962 1.232 0.010 4.508 5.173
8.480 9.433 -3.332 -96.531 1.227 0.010 4.540 5.262
8.574 9.389 -4.350 -101.871 1.222 0.010 4.572 5.350
8.668 9.335 -5.432 -108.141 1.216 0.010 4.604 5.437
8.760 9.269 -6.587 -115.537 1.209 0.010 4.636 5.524
8.852 9.193 -7.567 -98.036 1.202 0.010 4.669 5.610
8.943 9.109 -8.402 -83.493 1.194 0.010 4.702 5.695
9.034 9.016 -9.387 -98.496 1.185 0.010 4.736 5.779
9.123 8.910 -10.556 -116.871 1.176 0.010 4.770 5.861
9.211 8.791 -11.952 -139.580 1.165 0.010 4.804 5.942
9.297 8.654 -13.631 -167.897 1.153 0.010 4.839 6.021
9.382 8.498 -15.666 -203.562 1.140 0.010 4.874 6.099
9.465 8.316 -18.156 -248.953 1.125 0.010 4.909 6.174
9.546 8.104 -21.229 -307.344 1.108 0.010 4.945 6.247
9.625 7.853 -25.063 -383.326 1.089 0.010 4.980 6.317
9.700 7.554 -29.896 -483.367 1.067 0.010 5.016 6.383
9.772 7.193 -36.063 -616.651 1.042 0.010 5.052 6.446
9.840 6.753 -44.025 -796.250 1.013 0.010 5.086 6.504
9.902 6.209 -54.432 -1040.640 0.980 0.010 5.120 6.556
9.957 5.527 -68.185 -1375.309 0.940 0.010 5.152 6.601
10.004 4.662 -86.517 -1833.176 0.892 0.010 5.180 6.638
10.039 3.552 -111.013 -2449.596 0.835 0.010 5.203 6.665
10.060 2.118 -143.409 -3239.595 0.765 0.010 5.218 6.681
10.063 0.271 -184.631 -4122.236 0.678 0.010 5.220 6.683
10.084 2.051 177.977 36260.752 0.571 0.010 5.203 6.671
10.132 4.787 273.548 9557.098 0.440 0.010 5.161 6.648
10.207 7.570 278.351 480.365 0.284 0.010 5.090 6.621
10.303 9.612 204.177 -7417.449 0.109 0.010 4.996 6.602
10.404 10.026 41.427 -16274.948 6.214 0.010 4.896 6.600
10.490 8.603 -142.291 -18371.817 6.049 0.010 4.811 6.613
10.550 6.033 -257.033 -11474.228 5.906 0.010 4.753 6.631
10.582 3.223 -281.032 -2399.871 5.789 0.010 4.724 6.645
10.589 0.718 -250.463 3056.874 5.693 0.010 4.717 6.648
10.603 1.316 59.790 31025.267 5.616 0.010 4.728 6.640
10.632 2.903 158.737 9894.748 5.553 0.010 4.750 6.622
10.673 4.126 122.315 -3642.165 5.501 0.010 4.780 6.593
10.724 5.069 94.231 -2808.391 5.458 0.010 4.815 6.557
10.782 5.798 72.976 -2125.517 5.421 0.010 4.854 6.513
10.845 6.367 56.892 -1608.396 5.389 0.010 4.894 6.464
10.913 6.814 44.614 -1227.787 5.362 0.010 4.936 6.411
10.985 7.165 35.119 -949.589 5.338 0.010 4.979 6.353
11.059 7.441 27.663 -745.569 5.317 0.010 5.022 6.292
11.136 7.659 21.716 -594.707 5.299 0.010 5.065 6.229
11.214 7.827 16.896 -481.962 5.282 0.010 5.108 6.163
11.294 7.957 12.929 -396.736 5.267 0.010 5.150 6.096
11.374 8.053 9.613 -331.559 5.254 0.010 5.192 6.027
11.456 8.122 6.890 -272.317 5.242 0.010 5.233 5.957
11.537 8.170 4.816 -207.372 5.231 0.010 5.274 5.886
11.619 8.202 3.232 -158.474 5.220 0.010 5.314 5.815
11.702 8.221 1.912 -131.979 5.211 0.010 5.354 5.743
11.784 8.229 0.804 -110.804 5.203 0.010 5.393 5.671
11.866 8.228 -0.133 -93.711 5.195 0.010 5.432 5.598
11.948 8.219 -0.931 -79.813 5.187 0.010 5.469 5.525
12.030 8.203 -1.615 -68.398 5.181 0.010 5.507 5.452
12.112 8.181 -2.205 -58.975 5.174 0.010 5.543 5.379
12.194 8.153 -2.716 -51.122 5.168 0.010 5.579 5.306
12.275 8.122 -3.162 -44.550 5.163 0.010 5.615 5.233
12.356 8.086 -3.552 -39.004 5.158 0.010 5.650 5.160
12.436 8.047 -3.895 -34.305 5.153 0.010 5.685 5.087
12.516 8.005 -4.198 -30.302 5.148 0.010 5.719 5.014
12.596 7.961 -4.467 -26.866 5.144 0.010 5.752 4.942
12.675 7.914 -4.706 -23.912 5.140 0.010 5.785 4.870
12.754 7.864 -4.919 -21.363 5.136 0.010 5.817 4.799
12.832 7.813 -5.111 -19.138 5.133 0.010 5.849 4.727
12.909 7.760 -5.283 -17.209 5.129 0.010 5.881 4.657
12.986 7.706 -5.438 -15.516 5.126 0.010 5.912 4.586
13.063 7.650 -5.578 -14.031 5.123 0.010 5.943 4.516
13.139 7.593 -5.706 -12.716 5.120 0.010 5.973 4.446
13.214 7.535 -5.821 -11.565 5.117 0.010 6.003 4.377
13.289 7.476 -5.927 -10.534 5.115 0.010 6.032 4.308
13.363 7.416 -6.023 -9.622 5.112 0.010 6.061 4.240
13.437 7.354 -6.111 -8.807 5.110 0.010 6.089 4.172
13.510 7.293 -6.192 -8.080 5.107 0.010 6.118 4.105
13.582 7.230 -6.266 -7.425 5.105 0.010 6.145 4.038
13.654 7.167 -6.334 -6.840 5.103 0.010 6.173 3.972
13.725 7.103 -6.397 -6.310 5.101 0.010 6.200 3.906
13.795 7.038 -6.456 -5.834 5.099 0.010 6.226 3.841
13.865 6.973 -6.510 -5.401 5.098 0.010 6.253 3.776
13.934 6.907 -6.560 -5.010 5.096 0.010 6.278 3.712
14.002 6.841 -6.606 -4.655 5.094 0.010 6.304 3.649
14.070 6.775 -6.650 -4.333 5.093 0.010 6.329 3.586
14.137 6.708 -6.690 -4.035 5.091 0.010 6.354 3.524
14.203 6.641 -6.728 -3.770 5.090 0.010 6.379 3.462
14.269 6.573 -6.763 -3.522 5.088 0.010 6.403 3.401
14.334 6.505 -6.796 -3.294 5.087 0.010 6.427 3.340
14.399 6.437 -6.827 -3.093 5.086 0.010 6.450 3.280
14.462 6.368 -6.856 -2.898 5.085 0.010 6.473 3.221
14.525 6.299 -6.883 -2.725 5.083 0.010 6.496 3.162
14.588 6.230 -6.909 -2.564 5.082 0.010 6.519 3.104
14.649 6.161 -6.933 -2.416 5.081 0.010 6.541 3.047
14.710 6.091 -6.956 -2.278 5.080 0.010 6.563 2.990
14.770 6.022 -6.977 -2.152 5.079 0.010 6.584 2.934
14.830 5.952 -6.998 -2.035 5.078 0.010 6.606 2.878
14.889 5.881 -7.017 -1.925 5.077 0.010 6.627 2.823
14.947 5.811 -7.035 -1.825 5.077 0.010 6.648 2.769
15.004 5.741 -7.052 -1.731 5.076 0.010 6.668 2.715
15.061 5.670 -7.069 -1.645 5.075 0.010 6.688 2.662
15.117 5.599 -7.084 -1.561 5.074 0.010 6.708 2.610
15.172 5.528 -7.099 -1.488 5.074 0.010 6.727 2.558
15.227 5.457 -7.113 -1.417 5.073 0.010 6.747 2.507
15.281 5.386 -7.127 -1.351 5.072 0.010 6.766 2.457
15.334 5.314 -7.140 -1.290 5.072 0.010 6.784 2.407
15.386 5.243 -7.152 -1.233 5.071 0.010 6.803 2.358
15.438 5.171 -7.164 -1.179 5.070 0.010 6.821 2.310
15.489 5.099 -7.175 -1.128 5.070 0.010 6.839 2.262
15.539 5.027 -7.186 -1.082 5.069 0.010 6.856 2.215
15.589 4.955 -7.196 -1.036 5.069 0.010 6.874 2.168
15.637 4.883 -7.206 -0.996 5.068 0.010 6.891 2.123
15.686 4.811 -7.216 -0.958 5.068 0.010 6.908 2.078
15.733 4.739 -7.225 -0.919 5.068 0.010 6.924 2.033
15.780 4.667 -7.234 -0.886 5.067 0.010 6.940 1.989
15.826 4.594 -7.243 -0.854 5.067 0.010 6.956 1.946
15.871 4.522 -7.251 -0.822 5.066 0.010 6.972 1.904
15.915 4.449 -7.259 -0.794 5.066 0.010 6.987 1.862
15.959 4.376 -7.266 -0.766 5.066 0.010 7.002 1.821
16.002 4.304 -7.274 -0.740 5.065 0.010 7.017 1.781
16.044 4.231 -7.281 -0.717 5.065 0.010 7.032 1.741
16.086 4.158 -7.288 -0.692 5.065 0.010 7.046 1.702
16.127 4.085 -7.295 -0.671 5.065 0.010 7.060 1.664
16.167 4.012 -7.301 -0.650 5.064 0.010 7.074 1.626
16.206 3.939 -7.307 -0.630 5.064 0.010 7.088 1.589
16.245 3.866 -7.313 -0.611 5.064 0.010 7.101 1.553
16.283 3.793 -7.319 -0.594 5.064 0.010 7.114 1.517
16.320 3.719 -7.325 -0.575 5.063 0.010 7.127 1.482
16.357 3.646 -7.331 -0.560 5.063 0.010 7.140 1.448
16.392 3.573 -7.336 -0.543 5.063 0.010 7.152 1.414
16.427 3.499 -7.341 -0.528 5.063 0.010 7.164 1.381
16.462 3.426 -7.347 -0.514 5.063 0.010 7.176 1.349
16.495 3.352 -7.352 -0.499 5.063 0.010 7.187 1.318
16.528 3.279 -7.356 -0.486 5.062 0.010 7.198 1.287
16.560 3.205 -7.361 -0.473 5.062 0.010 7.209 1.257
16.591 3.132 -7.366 -0.460 5.062 0.010 7.220 1.227
16.622 3.058 -7.370 -0.448 5.062 0.010 7.231 1.199
16.652 2.984 -7.375 -0.435 5.062 0.010 7.241 1.171
16.681 2.910 -7.379 -0.424 5.062 0.010 7.251 1.143
16.709 2.836 -7.383 -0.413 5.062 0.010 7.260 1.117
16.737 2.763 -7.387 -0.401 5.062 0.010 7.270 1.091
16.764 2.689 -7.391 -0.390 5.062 0.010 7.279 1.066
16.790 2.615 -7.395 -0.379 5.062 0.010 7.288 1.041
16.815 2.541 -7.398 -0.369 5.062 0.010 7.297 1.017
16.840 2.467 -7.402 -0.358 5.061 0.010 7.305 0.994
16.864 2.393 -7.405 -0.348 5.061 0.010 7.313 0.971
16.887 2.319 -7.409 -0.337 5.061 0.010 7.321 0.950
16.909 2.244 -7.412 -0.328 5.061 0.010 7.329 0.929
16.931 2.170 -7.415 -0.317 5.061 0.010 7.336 0.908
16.952 2.096 -7.418 -0.307 5.061 0.010 7.344 0.888
16.972 2.022 -7.421 -0.297 5.061 0.010 7.350 0.869
16.992 1.948 -7.424 -0.287 5.061 0.010 7.357 0.851
17.011 1.873 -7.427 -0.277 5.061 0.010 7.363 0.834
17.029 1.799 -7.430 -0.267 5.061 0.010 7.370 0.817
17.046 1.725 -7.432 -0.257 5.061 0.010 7.376 0.800
17.062 1.650 -7.435 -0.247 5.061 0.010 7.381 0.785
17.078 1.576 -7.437 -0.236 5.061 0.010 7.387 0.770
17.093 1.502 -7.439 -0.226 5.061 0.010 7.392 0.756
17.107 1.427 -7.441 -0.216 5.061 0.010 7.397 0.743
17.121 1.353 -7.443 -0.206 5.061 0.010 7.401 0.730
17.134 1.278 -7.445 -0.195 5.061 0.010 7.406 0.718
17.146 1.204 -7.447 -0.185 5.061 0.010 7.410 0.707
17.157 1.129 -7.449 -0.175 5.061 0.010 7.414 0.696
17.168 1.055 -7.451 -0.164 5.061 0.010 7.417 0.686
17.177 0.980 -7.452 -0.154 5.061 0.010 7.420 0.677
17.186 0.906 -7.454 -0.143 5.061 0.010 7.424 0.668
17.195 0.831 -7.455 -0.133 5.061 0.010 7.426 0.660
17.202 0.757 -7.456 -0.122 5.061 0.010 7.429 0.653
17.209 0.682 -7.457 -0.111 5.061 0.010 7.431 0.647
17.215 0.608 -7.458 -0.100 5.061 0.010 7.433 0.641
17.220 0.533 -7.459 -0.089 5.061 0.010 7.435 0.636
17.225 0.459 -7.358 10.149 5.061 0.010 7.437 0.632
17.229 0.390 -6.969 38.861 5.061 0.010 7.438 0.628
17.232 0.326 -6.396 57.348 5.061 0.010 7.439 0.625
17.235 0.268 -5.822 57.361 5.061 0.010 7.440 0.623
17.237 0.215 -5.248 57.372 5.061 0.010 7.441 0.621
17.239 0.168 -4.674 57.382 5.061 0.010 7.441 0.619
17.240 0.127 -4.101 57.389 5.061 0.010 7.442 0.618
17.241 0.092 -3.527 57.394 5.061 0.010 7.442 0.617
17.242 0.063 -2.953 57.399 5.061 0.010 7.442 0.616
17.242 0.039 -2.379 57.401 5.061 0.010 7.443 0.616
17.242 0.021 -1.805 57.403 5.061 0.010 7.443 0.616
17.242 0.008 -1.231 57.405 5.061 0.010 7.443 0.616
17.242 0.002 -0.657 57.405 5.061 0.010 7.443 0.616
17.242 0.000 -0.185 47.177 5.061 0.010 7.443 0.616
