Gear_Blue
292
0.000 0.006 0.592 59.211 0.000 0.010 0.000 1.125
0.000 0.012 0.592 -0.002 0.000 0.010 0.000 1.125
0.000 0.027 1.480 88.808 0.000 0.010 0.000 1.125
0.001 0.047 2.072 59.186 0.000 0.010 0.001 1.125
0.002 0.074 2.664 59.154 0.000 0.010 0.002 1.125
0.003 0.107 3.255 59.101 0.000 0.010 0.003 1.125
0.004 0.145 3.845 59.022 0.000 0.010 0.004 1.125
0.006 0.189 4.434 58.913 0.000 0.010 0.006 1.125
0.008 0.240 5.022 58.769 0.000 0.010 0.008 1.125
0.011 0.296 5.607 58.584 0.000 0.010 0.011 1.125
0.015 0.358 6.191 58.355 0.000 0.010 0.015 1.125
0.019 0.425 6.772 58.077 0.000 0.010 0.019 1.125
0.024 0.496 7.054 28.244 0.000 0.010 0.024 1.125
0.030 0.566 7.039 -1.522 0.000 0.010 0.030 1.125
0.036 0.636 7.022 -1.729 0.000 0.010 0.036 1.125
0.043 0.706 7.002 -1.932 0.000 0.010 0.043 1.125
0.051 0.776 6.981 -2.129 0.000 0.010 0.051 1.125
0.059 0.846 6.958 -2.322 0.000 0.010 0.059 1.125
0.069 0.915 6.933 -2.509 0.000 0.010 0.069 1.125
0.078 0.984 6.906 -2.689 0.000 0.010 0.078 1.125
0.089 1.053 6.877 -2.863 0.001 0.010 0.089 1.125
0.100 1.121 6.847 -3.029 0.001 0.010 0.100 1.125
0.112 1.190 6.815 -3.188 0.001 0.010 0.112 1.125
0.125 1.257 6.782 -3.338 0.001 0.010 0.125 1.125
0.138 1.325 6.747 -3.480 0.001 0.010 0.138 1.125
0.152 1.392 6.711 -3.613 0.001 0.010 0.152 1.125
0.166 1.459 6.673 -3.736 0.002 0.010 0.166 1.125
0.182 1.525 6.635 -3.849 0.002 0.010 0.182 1.125
0.198 1.591 6.595 -3.951 0.003 0.010 0.198 1.125
0.214 1.657 6.555 -4.043 0.003 0.010 0.214 1.125
0.231 1.722 6.514 -4.123 0.003 0.010 0.231 1.125
0.249 1.786 6.472 -4.192 0.004 0.010 0.249 1.125
0.268 1.851 6.429 -4.248 0.005 0.010 0.268 1.125
0.287 1.915 6.386 -4.293 0.005 0.010 0.287 1.126
0.307 1.978 6.343 -4.324 0.006 0.010 0.307 1.126
0.327 2.041 6.300 -4.342 0.007 0.010 0.327 1.126
0.348 2.104 6.256 -4.346 0.008 0.010 0.348 1.126
0.370 2.166 6.213 -4.336 0.009 0.010 0.370 1.126
0.392 2.227 6.170 -4.312 0.010 0.010 0.392 1.126
0.415 2.289 6.127 -4.274 0.011 0.010 0.415 1.127
0.438 2.350 6.085 -4.220 0.012 0.010 0.438 1.127
0.463 2.410 6.043 -4.151 0.013 0.010 0.463 1.127
0.487 2.470 6.003 -4.066 0.015 0.010 0.487 1.127
0.513 2.530 5.963 -3.965 0.016 0.010 0.513 1.128
0.538 2.589 5.925 -3.848 0.018 0.010 0.538 1.128
0.565 2.648 5.887 -3.715 0.020 0.010 0.565 1.129
0.592 2.706 5.852 -3.564 0.021 0.010 0.592 1.129
0.620 2.764 5.818 -3.397 0.023 0.010 0.620 1.130
0.648 2.822 5.786 -3.212 0.025 0.010 0.648 1.131
0.677 2.880 5.756 -3.009 0.028 0.010 0.677 1.131
0.706 2.937 5.728 -2.789 0.030 0.010 0.706 1.132
0.736 2.994 5.702 -2.551 0.032 0.010 0.736 1.133
0.766 3.051 5.679 -2.296 0.035 0.010 0.766 1.134
0.798 3.108 5.659 -2.022 0.038 0.010 0.797 1.135
0.829 3.164 5.642 -1.730 0.040 0.010 0.829 1.137
0.861 3.220 5.628 -1.420 0.043 0.010 0.861 1.138
0.894 3.276 5.617 -1.092 0.047 0.010 0.894 1.139
0.927 3.333 5.609 -0.747 0.050 0.010 0.927 1.141
0.961 3.389 5.605 -0.385 0.053 0.010 0.961 1.143
0.996 3.445 5.605 -0.005 0.057 0.010 0.995 1.145
1.031 3.501 5.609 0.390 0.060 0.010 1.030 1.147
1.066 3.557 5.617 0.802 0.064 0.010 1.066 1.149
1.103 3.613 5.629 1.229 0.068 0.010 1.102 1.151
1.139 3.670 5.646 1.670 0.072 0.010 1.139 1.154
1.176 3.726 5.667 2.125 0.076 0.010 1.176 1.157
1.214 3.783 5.693 2.592 0.080 0.010 1.213 1.160
1.253 3.840 5.724 3.070 0.085 0.010 1.252 1.163
1.292 3.898 5.760 3.558 0.089 0.010 1.291 1.166
1.331 3.956 5.800 4.054 0.094 0.010 1.330 1.170
1.371 4.015 5.846 4.557 0.099 0.010 1.370 1.174
1.412 4.073 5.896 5.065 0.103 0.010 1.410 1.178
1.453 4.133 5.952 5.576 0.108 0.010 1.452 1.182
1.495 4.193 6.013 6.089 0.113 0.010 1.493 1.187
1.538 4.254 6.079 6.601 0.118 0.010 1.535 1.192
1.581 4.315 6.150 7.110 0.124 0.010 1.578 1.197
1.625 4.378 6.226 7.614 0.129 0.010 1.622 1.202
1.669 4.441 6.307 8.112 0.134 0.010 1.666 1.208
1.714 4.505 6.393 8.601 0.140 0.010 1.710 1.214
1.760 4.570 6.484 9.078 0.145 0.010 1.756 1.221
1.806 4.635 6.580 9.543 0.151 0.010 1.801 1.228
1.853 4.702 6.680 9.992 0.156 0.010 1.848 1.235
1.901 4.770 6.784 10.425 0.162 0.010 1.895 1.242
1.949 4.839 6.892 10.840 0.168 0.010 1.943 1.250
1.999 4.909 7.005 11.235 0.173 0.010 1.991 1.259
2.048 4.980 7.121 11.608 0.179 0.010 2.040 1.267
2.099 5.053 7.240 11.960 0.184 0.010 2.090 1.276
2.150 5.126 7.363 12.289 0.190 0.010 2.140 1.286
2.202 5.201 7.489 12.595 0.196 0.010 2.191 1.296
2.255 5.277 7.618 12.877 0.201 0.010 2.243 1.306
2.308 5.355 7.749 13.136 0.207 0.010 2.295 1.317
2.363 5.434 7.883 13.372 0.212 0.010 2.349 1.329
2.418 5.514 8.019 13.586 0.217 0.010 2.402 1.340
2.474 5.595 8.157 13.779 0.223 0.010 2.457 1.352
2.531 5.678 8.296 13.953 0.228 0.010 2.512 1.365
2.588 5.763 8.437 14.109 0.233 0.010 2.569 1.378
2.647 5.848 8.580 14.248 0.237 0.010 2.625 1.392
2.706 5.936 8.723 14.374 0.242 0.010 2.683 1.406
2.766 6.024 8.868 14.488 0.247 0.010 2.742 1.421
2.828 6.115 9.014 14.594 0.251 0.010 2.801 1.436
2.890 6.206 9.161 14.694 0.255 0.010 2.861 1.451
2.953 6.299 9.309 14.790 0.259 0.010 2.922 1.467
3.017 6.394 9.458 14.887 0.263 0.010 2.984 1.484
3.081 6.490 9.608 14.986 0.267 0.010 3.046 1.501
3.147 6.587 9.759 15.091 0.270 0.010 3.110 1.518
3.214 6.687 9.911 15.205 0.273 0.010 3.174 1.536
3.282 6.787 10.064 15.331 0.276 0.010 3.239 1.555
3.351 6.889 10.219 15.472 0.279 0.010 3.306 1.573
3.421 6.993 10.375 15.630 0.281 0.010 3.373 1.593
3.492 7.098 10.533 15.808 0.283 0.010 3.441 1.612
3.564 7.205 10.693 16.008 0.284 0.010 3.510 1.633
3.637 7.314 10.856 16.231 0.286 0.010 3.580 1.653
3.711 7.424 11.020 16.480 0.287 0.010 3.652 1.674
3.787 7.536 11.188 16.754 0.287 0.010 3.724 1.695
3.863 7.650 11.358 17.054 0.287 0.010 3.797 1.717
3.941 7.765 11.532 17.379 0.287 0.010 3.872 1.739
4.020 7.882 11.710 17.729 0.287 0.010 3.947 1.761
4.100 8.001 11.891 18.101 0.286 0.010 4.024 1.784
4.181 8.122 12.075 18.491 0.284 0.010 4.102 1.807
4.263 8.244 12.264 18.896 0.282 0.010 4.181 1.830
4.347 8.369 12.457 19.308 0.280 0.010 4.262 1.853
4.432 8.495 12.655 19.720 0.277 0.010 4.343 1.876
4.518 8.624 12.856 20.123 0.274 0.010 4.426 1.900
4.606 8.755 13.061 20.504 0.270 0.010 4.511 1.923
4.695 8.887 13.269 20.848 0.265 0.010 4.596 1.947
4.785 9.022 13.481 21.138 0.260 0.010 4.684 1.970
4.876 9.159 13.694 21.354 0.255 0.010 4.772 1.994
4.969 9.298 13.909 21.470 0.248 0.010 4.862 2.017
5.064 9.439 14.124 21.459 0.241 0.010 4.954 2.040
5.160 9.583 14.337 21.289 0.234 0.010 5.047 2.062
5.257 9.728 14.546 20.922 0.226 0.010 5.142 2.084
5.356 9.876 14.749 20.317 0.217 0.010 5.238 2.106
5.456 10.025 14.943 19.430 0.207 0.010 5.336 2.127
5.558 10.176 15.125 18.209 0.197 0.010 5.436 2.148
5.661 10.329 15.291 16.604 0.186 0.010 5.537 2.167
5.766 10.480 15.097 -19.423 0.175 0.010 5.640 2.186
5.872 10.626 14.526 -57.134 0.162 0.010 5.745 2.204
5.980 10.765 13.905 -62.106 0.149 0.010 5.851 2.221
6.089 10.897 13.229 -67.609 0.135 0.010 5.959 2.236
6.199 11.022 12.492 -73.624 0.120 0.010 6.068 2.250
6.310 11.139 11.691 -80.110 0.105 0.010 6.179 2.263
6.423 11.247 10.821 -87.003 0.089 0.010 6.291 2.274
6.536 11.346 9.879 -94.208 0.072 0.010 6.404 2.283
6.651 11.434 8.863 -101.603 0.055 0.010 6.518 2.290
6.766 11.512 7.773 -109.037 0.037 0.010 6.633 2.295
6.881 11.578 6.609 -116.338 0.019 0.010 6.749 2.299
6.998 11.629 5.099 -151.046 0.000 0.010 6.865 2.300
7.114 11.664 3.520 -157.883 6.264 0.010 6.982 2.299
7.231 11.686 2.161 -135.916 6.245 0.010 7.099 2.295
7.348 11.694 0.756 -140.498 6.225 0.010 7.215 2.290
7.465 11.687 -0.684 -143.971 6.205 0.010 7.332 2.282
7.582 11.665 -2.146 -146.205 6.185 0.010 7.448 2.271
7.698 11.629 -3.617 -147.118 6.165 0.010 7.564 2.259
7.814 11.578 -5.084 -146.677 6.146 0.010 7.679 2.244
7.929 11.513 -6.533 -144.902 6.126 0.010 7.793 2.227
8.043 11.433 -7.951 -141.865 6.106 0.010 7.905 2.208
8.157 11.340 -9.328 -137.685 6.087 0.010 8.017 2.187
8.269 11.234 -10.653 -132.516 6.068 0.010 8.127 2.164
8.380 11.117 -11.641 -98.724 6.050 0.010 8.235 2.140
8.490 10.995 -12.204 -56.289 6.032 0.010 8.342 2.113
8.599 10.869 -12.622 -41.869 6.014 0.010 8.447 2.085
8.706 10.739 -12.983 -36.070 5.997 0.010 8.550 2.056
8.812 10.606 -13.287 -30.429 5.981 0.010 8.652 2.025
8.917 10.471 -13.538 -25.041 5.965 0.010 8.751 1.993
9.020 10.333 -13.737 -19.979 5.950 0.010 8.849 1.960
9.122 10.195 -13.890 -15.300 5.935 0.010 8.945 1.926
9.223 10.055 -14.001 -11.040 5.921 0.010 9.040 1.891
9.322 9.914 -14.073 -7.220 5.907 0.010 9.132 1.855
9.420 9.773 -14.111 -3.845 5.895 0.010 9.223 1.819
9.516 9.632 -14.121 -0.910 5.882 0.010 9.312 1.782
9.611 9.490 -14.105 1.601 5.871 0.010 9.399 1.744
9.704 9.350 -14.068 3.708 5.860 0.010 9.484 1.706
9.796 9.210 -14.013 5.439 5.849 0.010 9.568 1.668
9.887 9.070 -13.945 6.824 5.840 0.010 9.650 1.629
9.976 8.932 -13.866 7.894 5.831 0.010 9.731 1.591
10.064 8.794 -13.779 8.680 5.822 0.010 9.810 1.552
10.151 8.657 -13.687 9.213 5.814 0.010 9.887 1.513
10.236 8.521 -13.592 9.523 5.807 0.010 9.963 1.474
10.320 8.386 -13.495 9.637 5.800 0.010 10.037 1.435
10.403 8.252 -13.400 9.582 5.794 0.010 10.110 1.397
10.484 8.119 -13.306 9.379 5.788 0.010 10.182 1.358
10.564 7.987 -13.215 9.052 5.783 0.010 10.252 1.320
10.642 7.856 -13.129 8.616 5.778 0.010 10.321 1.282
10.719 7.725 -13.048 8.091 5.774 0.010 10.388 1.245
10.795 7.595 -12.973 7.489 5.770 0.010 10.455 1.208
10.870 7.466 -12.905 6.824 5.767 0.010 10.520 1.171
10.943 7.338 -12.844 6.106 5.765 0.010 10.583 1.135
11.015 7.210 -12.791 5.346 5.763 0.010 10.646 1.099
11.086 7.082 -12.745 4.550 5.761 0.010 10.707 1.064
11.156 6.955 -12.708 3.726 5.760 0.010 10.768 1.029
11.224 6.829 -12.679 2.881 5.760 0.010 10.827 0.995
11.292 6.780 -4.895 778.432 5.759 0.010 10.885 0.961
11.367 7.470 69.030 7392.425 5.751 0.010 10.950 0.923
11.450 8.311 84.096 1506.639 5.736 0.010 11.021 0.881
11.541 9.171 86.056 196.018 5.712 0.010 11.099 0.832
11.643 10.116 94.488 843.153 5.679 0.010 11.183 0.776
11.755 11.209 109.291 1480.335 5.636 0.010 11.274 0.710
11.880 12.516 130.651 2135.951 5.580 0.010 11.372 0.632
12.021 14.097 158.099 2744.795 5.510 0.010 11.476 0.538
12.181 15.983 188.609 3051.000 5.422 0.010 11.586 0.421
12.362 18.115 213.190 2458.176 5.315 0.010 11.696 0.278
12.564 20.249 213.409 21.917 5.188 0.010 11.800 0.104
12.783 21.900 165.106 -4830.356 5.046 0.010 11.887 -0.097
13.008 22.492 59.261 -10584.507 4.898 0.010 11.944 -0.315
13.226 21.756 -73.689 -13295.005 4.755 0.010 11.969 -0.531
13.425 19.964 -179.147 -10545.815 4.628 0.010 11.965 -0.731
13.602 17.698 -226.574 -4742.617 4.521 0.010 11.940 -0.906
13.757 15.449 -224.983 159.067 4.433 0.010 11.904 -1.056
13.892 13.462 -198.616 2636.711 4.362 0.010 11.863 -1.184
14.010 11.803 -165.924 3269.204 4.305 0.010 11.819 -1.294
14.114 10.445 -135.786 3013.790 4.260 0.010 11.775 -1.389
14.207 9.335 -110.982 2480.335 4.224 0.010 11.733 -1.472
14.292 8.420 -91.577 1940.515 4.195 0.010 11.693 -1.546
14.368 7.652 -76.745 1483.270 4.173 0.010 11.654 -1.612
14.438 6.997 -65.532 1121.221 4.156 0.010 11.618 -1.671
14.502 6.426 -57.117 841.536 4.143 0.010 11.583 -1.726
14.561 5.917 -50.855 626.202 4.134 0.010 11.551 -1.775
14.616 5.455 -46.267 458.851 4.129 0.010 11.521 -1.821
14.666 5.025 -43.003 326.363 4.127 0.010 11.493 -1.863
14.712 4.616 -40.816 218.705 4.127 0.010 11.468 -1.901
14.755 4.221 -39.533 128.311 4.131 0.010 11.445 -1.937
14.793 3.831 -39.038 49.460 4.138 0.010 11.424 -1.969
14.827 3.438 -39.260 -22.227 4.147 0.010 11.405 -1.998
14.858 3.036 -40.162 -90.135 4.159 0.010 11.389 -2.023
14.884 2.619 -41.730 -156.857 4.175 0.010 11.375 -2.046
14.906 2.179 -43.973 -224.249 4.193 0.010 11.364 -2.065
14.923 1.710 -46.906 -293.303 4.216 0.010 11.356 -2.080
14.935 1.205 -50.544 -363.790 4.242 0.010 11.350 -2.090
14.941 0.656 -54.879 -433.569 4.272 0.010 11.348 -2.096
14.942 0.058 -59.852 -497.233 4.307 0.010 11.347 -2.097
14.948 0.596 53.798 11364.967 4.347 0.010 11.350 -2.091
14.961 1.305 70.927 1712.959 4.393 0.010 11.354 -2.079
14.982 2.066 76.126 519.884 4.445 0.010 11.360 -2.059
15.010 2.866 79.989 386.295 4.503 0.010 11.367 -2.031
15.047 3.678 81.214 122.479 4.569 0.010 11.373 -1.995
15.092 4.460 78.212 -300.174 4.640 0.010 11.378 -1.951
15.143 5.155 69.459 -875.347 4.717 0.010 11.380 -1.899
15.200 5.696 54.126 -1533.257 4.798 0.010 11.377 -1.842
15.260 6.024 32.807 -2131.955 4.881 0.010 11.369 -1.782
15.321 6.103 7.848 -2495.868 4.965 0.010 11.357 -1.723
15.381 5.931 -17.140 -2498.844 5.046 0.010 11.339 -1.666
15.436 5.546 -38.521 -2138.091 5.123 0.010 11.319 -1.614
15.486 5.007 -53.883 -1536.121 5.195 0.010 11.298 -1.569
15.530 4.382 -62.571 -868.826 5.261 0.010 11.276 -1.531
15.567 3.728 -65.382 -281.134 5.320 0.010 11.256 -1.500
15.598 3.089 -63.841 154.065 5.373 0.010 11.237 -1.475
15.623 2.494 -59.554 428.746 5.420 0.010 11.222 -1.456
15.643 1.955 -53.841 571.260 5.461 0.010 11.209 -1.441
15.658 1.479 -47.635 620.608 5.498 0.010 11.198 -1.430
15.668 1.064 -41.516 611.913 5.530 0.010 11.191 -1.423
15.675 0.706 -35.802 571.377 5.559 0.010 11.185 -1.418
15.679 0.399 -30.639 516.377 5.584 0.010 11.182 -1.416
15.681 0.139 -26.064 457.441 5.606 0.010 11.181 -1.415
15.681 0.082 -5.690 2037.465 5.626 0.010 11.182 -1.415
15.684 0.268 18.579 2426.867 5.643 0.010 11.184 -1.417
15.688 0.423 15.562 -301.719 5.659 0.010 11.188 -1.419
15.694 0.553 12.948 -261.357 5.672 0.010 11.192 -1.422
15.701 0.660 10.682 -226.667 5.684 0.010 11.198 -1.426
15.708 0.747 8.711 -197.083 5.695 0.010 11.204 -1.430
15.716 0.817 6.991 -171.965 5.704 0.010 11.211 -1.435
15.725 0.871 5.484 -150.689 5.712 0.010 11.218 -1.440
15.734 0.913 4.157 -132.683 5.719 0.010 11.226 -1.445
15.743 0.943 2.983 -117.440 5.726 0.010 11.234 -1.450
15.753 0.962 1.938 -104.517 5.731 0.010 11.242 -1.455
15.763 0.972 1.002 -93.540 5.736 0.010 11.250 -1.460
15.772 0.974 0.161 -84.184 5.740 0.010 11.258 -1.465
15.782 0.968 -0.601 -76.178 5.744 0.010 11.267 -1.470
15.792 0.955 -1.294 -69.289 5.747 0.010 11.275 -1.475
15.801 0.936 -1.927 -63.319 5.749 0.010 11.283 -1.479
15.810 0.911 -2.508 -58.098 5.751 0.010 11.291 -1.484
15.819 0.880 -3.043 -53.482 5.753 0.010 11.298 -1.488
15.827 0.845 -3.536 -49.346 5.755 0.010 11.306 -1.493
15.835 0.805 -3.992 -45.584 5.756 0.010 11.313 -1.497
15.843 0.761 -4.413 -42.103 5.757 0.010 11.319 -1.501
15.850 0.713 -4.802 -38.826 5.758 0.010 11.325 -1.504
15.857 0.661 -5.158 -35.686 5.758 0.010 11.331 -1.508
15.863 0.606 -5.485 -32.628 5.759 0.010 11.336 -1.511
15.868 0.548 -5.781 -29.605 5.759 0.010 11.341 -1.513
15.873 0.488 -6.047 -26.583 5.759 0.010 11.345 -1.516
15.878 0.425 -6.282 -23.535 5.759 0.010 11.349 -1.518
15.881 0.362 -6.266 1.598 5.759 0.010 11.352 -1.520
15.884 0.303 -5.922 34.358 5.760 0.010 11.355 -1.521
15.887 0.249 -5.469 45.338 5.760 0.010 11.357 -1.522
15.889 0.199 -4.980 48.948 5.760 0.010 11.359 -1.523
15.890 0.154 -4.461 51.883 5.760 0.010 11.360 -1.524
15.891 0.115 -3.919 54.205 5.760 0.010 11.361 -1.525
15.892 0.081 -3.359 55.980 5.760 0.010 11.362 -1.525
15.893 0.054 -2.786 57.277 5.760 0.010 11.362 -1.525
15.893 0.031 -2.204 58.169 5.760 0.010 11.362 -1.526
15.893 0.015 -1.617 58.731 5.760 0.010 11.362 -1.526
15.893 0.005 -1.027 59.039 5.760 0.010 11.362 -1.526
15.893 0.001 -0.435 59.172 5.760 0.010 11.362 -1.526
15.893 0.000 -0.069 36.551 5.760 0.010 11.362 -1.526
0.000 0.006 0.592 59.211 0.000 0.010 0.000 -1.125
0.000 0.012 0.592 0.002 0.000 0.010 0.000 -1.125
0.000 0.027 1.480 88.824 0.000 0.010 0.000 -1.125
0.001 0.047 2.073 59.236 0.000 0.010 0.001 -1.125
0.002 0.074 2.665 59.268 0.000 0.010 0.002 -1.125
0.003 0.107 3.259 59.321 0.000 0.010 0.003 -1.125
0.004 0.145 3.853 59.399 0.000 0.010 0.004 -1.125
0.006 0.190 4.448 59.508 0.000 0.010 0.006 -1.125
0.008 0.240 5.044 59.653 0.000 0.010 0.008 -1.125
0.011 0.296 5.643 59.837 0.000 0.010 0.011 -1.125
0.015 0.359 6.243 60.067 0.000 0.010 0.015 -1.125
0.019 0.427 6.847 60.345 0.000 0.010 0.019 -1.125
0.024 0.499 7.156 30.967 0.000 0.010 0.024 -1.125
0.030 0.571 7.172 1.522 0.000 0.010 0.030 -1.125
0.036 0.643 7.189 1.729 0.000 0.010 0.036 -1.125
0.044 0.715 7.208 1.932 0.000 0.010 0.044 -1.125
0.051 0.787 7.229 2.129 0.000 0.010 0.051 -1.125
0.060 0.859 7.253 2.322 0.000 0.010 0.060 -1.125
0.069 0.932 7.278 2.509 0.000 0.010 0.069 -1.125
0.079 1.005 7.305 2.689 0.000 0.010 0.079 -1.125
0.090 1.079 7.333 2.863 0.001 0.010 0.090 -1.125
0.102 1.152 7.364 3.029 0.001 0.010 0.102 -1.125
0.114 1.226 7.395 3.188 0.001 0.010 0.114 -1.125
0.127 1.300 7.429 3.338 0.001 0.010 0.127 -1.125
0.141 1.375 7.464 3.480 0.001 0.010 0.141 -1.125
0.155 1.450 7.500 3.613 0.001 0.010 0.155 -1.125
0.170 1.526 7.537 3.736 0.002 0.010 0.170 -1.125
0.186 1.601 7.576 3.849 0.002 0.010 0.186 -1.125
0.203 1.677 7.615 3.951 0.003 0.010 0.203 -1.125
0.221 1.754 7.656 4.043 0.003 0.010 0.221 -1.125
0.239 1.831 7.697 4.123 0.003 0.010 0.239 -1.125
0.258 1.908 7.739 4.192 0.004 0.010 0.258 -1.125
0.278 1.986 7.781 4.248 0.005 0.010 0.278 -1.125
0.299 2.064 7.824 4.293 0.005 0.010 0.299 -1.124
0.320 2.143 7.867 4.324 0.006 0.010 0.320 -1.124
0.342 2.222 7.911 4.342 0.007 0.010 0.342 -1.124
0.365 2.302 7.954 4.346 0.008 0.010 0.365 -1.124
0.389 2.382 7.998 4.336 0.009 0.010 0.389 -1.124
0.414 2.462 8.041 4.312 0.010 0.010 0.414 -1.124
0.439 2.543 8.083 4.274 0.011 0.010 0.439 -1.123
0.465 2.624 8.126 4.220 0.012 0.010 0.465 -1.123
0.493 2.706 8.167 4.151 0.013 0.010 0.493 -1.123
0.520 2.788 8.208 4.066 0.015 0.010 0.520 -1.122
0.549 2.870 8.247 3.965 0.016 0.010 0.549 -1.122
0.579 2.953 8.286 3.848 0.018 0.010 0.579 -1.121
0.609 3.036 8.323 3.715 0.020 0.010 0.609 -1.121
0.640 3.120 8.359 3.564 0.021 0.010 0.640 -1.120
0.672 3.204 8.393 3.397 0.023 0.010 0.672 -1.119
0.705 3.288 8.425 3.212 0.025 0.010 0.705 -1.119
0.739 3.373 8.455 3.009 0.028 0.010 0.739 -1.118
0.773 3.458 8.483 2.789 0.030 0.010 0.773 -1.117
0.809 3.543 8.508 2.551 0.032 0.010 0.809 -1.116
0.845 3.628 8.531 2.295 0.035 0.010 0.845 -1.114
0.882 3.714 8.552 2.022 0.038 0.010 0.882 -1.113
0.920 3.799 8.569 1.730 0.040 0.010 0.920 -1.112
0.959 3.885 8.583 1.420 0.043 0.010 0.959 -1.110
0.999 3.971 8.594 1.092 0.047 0.010 0.999 -1.108
1.039 4.057 8.601 0.747 0.050 0.010 1.039 -1.106
1.081 4.143 8.605 0.385 0.053 0.010 1.080 -1.104
1.123 4.229 8.605 0.005 0.057 0.010 1.123 -1.102
1.166 4.315 8.601 -0.391 0.060 0.010 1.166 -1.099
1.210 4.401 8.593 -0.802 0.064 0.010 1.210 -1.097
1.255 4.487 8.581 -1.229 0.068 0.010 1.254 -1.094
1.301 4.573 8.564 -1.670 0.072 0.010 1.300 -1.090
1.347 4.658 8.543 -2.125 0.076 0.010 1.347 -1.087
1.395 4.743 8.517 -2.592 0.080 0.010 1.394 -1.083
1.443 4.828 8.487 -3.070 0.085 0.010 1.442 -1.079
1.492 4.912 8.451 -3.558 0.089 0.010 1.491 -1.075
1.542 4.997 8.410 -4.054 0.094 0.010 1.541 -1.070
1.593 5.080 8.365 -4.557 0.099 0.010 1.591 -1.066
1.645 5.163 8.314 -5.065 0.103 0.010 1.643 -1.060
1.697 5.246 8.258 -5.576 0.108 0.010 1.695 -1.055
1.750 5.328 8.198 -6.089 0.113 0.010 1.748 -1.049
1.805 5.409 8.132 -6.601 0.118 0.010 1.801 -1.043
1.859 5.490 8.060 -7.110 0.124 0.010 1.856 -1.036
1.915 5.570 7.984 -7.614 0.129 0.010 1.911 -1.029
1.972 5.649 7.903 -8.112 0.134 0.010 1.967 -1.022
2.029 5.727 7.817 -8.600 0.140 0.010 2.024 -1.014
2.087 5.804 7.726 -9.078 0.145 0.010 2.081 -1.006
2.146 5.880 7.631 -9.543 0.151 0.010 2.140 -0.997
2.205 5.956 7.531 -9.992 0.156 0.010 2.198 -0.988
2.266 6.030 7.427 -10.425 0.162 0.010 2.258 -0.978
2.327 6.103 7.318 -10.840 0.168 0.010 2.318 -0.968
2.388 6.175 7.206 -11.234 0.173 0.010 2.379 -0.958
2.451 6.246 7.090 -11.608 0.179 0.010 2.440 -0.947
2.514 6.316 6.970 -11.959 0.184 0.010 2.503 -0.935
2.578 6.384 6.847 -12.288 0.190 0.010 2.565 -0.923
2.642 6.452 6.722 -12.594 0.196 0.010 2.629 -0.911
2.708 6.518 6.593 -12.876 0.201 0.010 2.693 -0.898
2.773 6.582 6.461 -13.135 0.207 0.010 2.757 -0.885
2.840 6.645 6.328 -13.371 0.212 0.010 2.822 -0.871
2.907 6.707 6.192 -13.586 0.217 0.010 2.888 -0.857
2.975 6.768 6.054 -13.779 0.223 0.010 2.954 -0.842
3.043 6.827 5.915 -13.952 0.228 0.010 3.020 -0.827
3.112 6.885 5.773 -14.108 0.233 0.010 3.087 -0.811
3.181 6.941 5.631 -14.248 0.237 0.010 3.155 -0.795
3.251 6.996 5.487 -14.373 0.242 0.010 3.223 -0.778
3.322 7.049 5.342 -14.488 0.247 0.010 3.291 -0.761
3.393 7.101 5.196 -14.594 0.251 0.010 3.360 -0.744
3.464 7.152 5.050 -14.693 0.255 0.010 3.429 -0.726
3.536 7.201 4.902 -14.790 0.259 0.010 3.499 -0.708
3.609 7.248 4.753 -14.886 0.263 0.010 3.569 -0.689
3.682 7.294 4.603 -14.986 0.267 0.010 3.639 -0.670
3.755 7.339 4.452 -15.091 0.270 0.010 3.710 -0.650
3.829 7.382 4.300 -15.205 0.273 0.010 3.781 -0.630
3.903 7.423 4.147 -15.332 0.276 0.010 3.852 -0.610
3.978 7.463 3.992 -15.472 0.279 0.010 3.924 -0.590
4.053 7.502 3.836 -15.631 0.281 0.010 3.996 -0.569
4.128 7.538 3.678 -15.809 0.283 0.010 4.069 -0.548
4.204 7.574 3.517 -16.009 0.284 0.010 4.141 -0.527
4.280 7.607 3.355 -16.232 0.286 0.010 4.214 -0.506
4.356 7.639 3.190 -16.481 0.287 0.010 4.288 -0.484
4.433 7.669 3.023 -16.755 0.287 0.010 4.361 -0.462
4.510 7.698 2.852 -17.055 0.287 0.010 4.435 -0.441
4.587 7.725 2.678 -17.381 0.287 0.010 4.509 -0.419
4.665 7.750 2.501 -17.731 0.287 0.010 4.584 -0.397
4.742 7.773 2.320 -18.103 0.286 0.010 4.658 -0.375
4.820 7.794 2.135 -18.494 0.284 0.010 4.733 -0.353
4.898 7.814 1.946 -18.899 0.282 0.010 4.808 -0.331
4.977 7.831 1.753 -19.311 0.280 0.010 4.883 -0.309
5.055 7.847 1.556 -19.724 0.277 0.010 4.959 -0.288
5.134 7.860 1.354 -20.127 0.274 0.010 5.034 -0.266
5.212 7.872 1.149 -20.509 0.270 0.010 5.110 -0.245
5.291 7.881 0.941 -20.853 0.265 0.010 5.186 -0.224
5.370 7.888 0.729 -21.144 0.260 0.010 5.262 -0.204
5.449 7.894 0.516 -21.360 0.255 0.010 5.339 -0.184
5.528 7.897 0.301 -21.477 0.248 0.010 5.415 -0.164
5.607 7.897 0.086 -21.467 0.241 0.010 5.492 -0.145
5.686 7.896 -0.127 -21.297 0.234 0.010 5.568 -0.126
5.765 7.893 -0.336 -20.931 0.226 0.010 5.645 -0.108
5.844 7.887 -0.539 -20.327 0.217 0.010 5.722 -0.091
5.923 7.880 -0.734 -19.440 0.207 0.010 5.799 -0.075
6.001 7.871 -0.916 -18.221 0.197 0.010 5.876 -0.059
6.080 7.860 -1.082 -16.615 0.186 0.010 5.954 -0.044
6.158 7.845 -1.480 -39.799 0.175 0.010 6.031 -0.030
6.237 7.824 -2.093 -61.298 0.162 0.010 6.108 -0.017
6.315 7.798 -2.656 -56.324 0.149 0.010 6.185 -0.004
6.392 7.766 -3.164 -50.820 0.135 0.010 6.262 0.007
6.470 7.730 -3.612 -44.804 0.120 0.010 6.338 0.016
6.546 7.690 -3.996 -38.315 0.105 0.010 6.415 0.025
6.623 7.647 -4.310 -31.420 0.089 0.010 6.491 0.032
6.699 7.602 -4.552 -24.213 0.072 0.010 6.567 0.039
6.775 7.554 -4.720 -16.815 0.055 0.010 6.642 0.043
6.850 7.506 -4.814 -9.377 0.037 0.010 6.717 0.047
6.924 7.458 -4.835 -2.073 0.019 0.010 6.792 0.049
6.998 7.408 -4.961 -12.672 0.000 0.010 6.866 0.050
7.072 7.358 -5.020 -5.832 6.264 0.010 6.939 0.049
7.145 7.310 -4.844 17.515 6.245 0.010 7.012 0.047
7.218 7.263 -4.623 22.100 6.225 0.010 7.085 0.043
7.290 7.220 -4.368 25.574 6.205 0.010 7.157 0.038
7.362 7.179 -4.090 27.809 6.185 0.010 7.229 0.032
7.433 7.141 -3.802 28.723 6.165 0.010 7.299 0.024
7.504 7.106 -3.520 28.281 6.146 0.010 7.370 0.015
7.575 7.073 -3.255 26.505 6.126 0.010 7.440 0.005
7.645 7.043 -3.020 23.467 6.106 0.010 7.509 -0.007
7.715 7.015 -2.827 19.284 6.087 0.010 7.578 -0.020
7.785 6.988 -2.686 14.113 6.068 0.010 7.647 -0.034
7.855 6.963 -2.430 25.628 6.050 0.010 7.715 -0.049
7.924 6.943 -2.006 42.399 6.032 0.010 7.782 -0.066
7.994 6.927 -1.587 41.874 6.014 0.010 7.849 -0.084
8.063 6.915 -1.226 36.073 5.997 0.010 7.915 -0.103
8.132 6.906 -0.922 30.430 5.981 0.010 7.982 -0.123
8.201 6.899 -0.671 25.039 5.965 0.010 8.047 -0.144
8.270 6.895 -0.472 19.976 5.950 0.010 8.113 -0.166
8.339 6.891 -0.319 15.296 5.935 0.010 8.177 -0.189
8.407 6.889 -0.208 11.035 5.921 0.010 8.242 -0.213
8.476 6.888 -0.136 7.213 5.907 0.010 8.306 -0.238
8.545 6.887 -0.098 3.838 5.895 0.010 8.370 -0.264
8.614 6.886 -0.089 0.902 5.882 0.010 8.434 -0.290
8.683 6.885 -0.105 -1.608 5.871 0.010 8.497 -0.317
8.752 6.884 -0.142 -3.716 5.860 0.010 8.560 -0.345
8.821 6.882 -0.197 -5.447 5.849 0.010 8.623 -0.374
8.889 6.879 -0.265 -6.832 5.840 0.010 8.685 -0.403
8.958 6.876 -0.344 -7.901 5.831 0.010 8.747 -0.433
9.027 6.871 -0.431 -8.687 5.822 0.010 8.808 -0.463
9.096 6.866 -0.523 -9.220 5.814 0.010 8.870 -0.494
9.164 6.860 -0.618 -9.529 5.807 0.010 8.931 -0.525
9.233 6.853 -0.715 -9.644 5.800 0.010 8.992 -0.557
9.301 6.845 -0.811 -9.588 5.794 0.010 9.052 -0.589
9.369 6.836 -0.904 -9.385 5.788 0.010 9.112 -0.621
9.438 6.826 -0.995 -9.056 5.783 0.010 9.172 -0.654
9.506 6.815 -1.081 -8.621 5.778 0.010 9.232 -0.687
9.574 6.803 -1.162 -8.095 5.774 0.010 9.292 -0.720
9.642 6.791 -1.237 -7.493 5.770 0.010 9.351 -0.753
9.710 6.778 -1.305 -6.828 5.767 0.010 9.410 -0.786
9.777 6.764 -1.366 -6.110 5.765 0.010 9.469 -0.820
9.845 6.750 -1.420 -5.349 5.763 0.010 9.527 -0.853
9.912 6.735 -1.465 -4.553 5.761 0.010 9.586 -0.887
9.979 6.720 -1.503 -3.729 5.760 0.010 9.644 -0.920
10.046 6.705 -1.532 -2.884 5.760 0.010 9.702 -0.954
10.112 6.612 -9.316 -778.436 5.759 0.010 9.759 -0.987
10.170 5.779 -83.243 -7392.741 5.751 0.010 9.809 -1.016
10.218 4.796 -98.317 -1507.341 5.736 0.010 9.850 -1.040
10.256 3.793 -100.284 -196.747 5.712 0.010 9.882 -1.061
10.283 2.706 -108.725 -844.097 5.679 0.010 9.905 -1.076
10.298 1.471 -123.542 -1481.679 5.636 0.010 9.917 -1.084
10.298 0.023 -144.803 -2126.058 5.580 0.010 9.917 -1.084
10.315 1.703 168.018 31282.048 5.510 0.010 9.905 -1.073
10.352 3.732 202.956 3493.824 5.422 0.010 9.879 -1.045
10.413 6.008 227.589 2463.330 5.315 0.010 9.843 -0.998
10.495 8.287 227.843 25.344 5.188 0.010 9.800 -0.927
10.596 10.082 179.511 -4833.231 5.046 0.010 9.761 -0.834
10.704 10.817 73.543 -10596.762 4.898 0.010 9.733 -0.729
10.807 10.221 -59.575 -13311.768 4.755 0.010 9.721 -0.628
10.892 8.570 -165.145 -10557.034 4.628 0.010 9.723 -0.542
10.957 6.444 -212.588 -4744.265 4.521 0.010 9.732 -0.478
11.000 4.335 -210.955 163.276 4.433 0.010 9.742 -0.436
11.025 2.489 -184.534 2642.121 4.362 0.010 9.749 -0.412
11.035 0.971 -151.797 3273.660 4.305 0.010 9.753 -0.403
11.037 0.245 -72.608 7918.929 4.260 0.010 9.752 -0.405
11.049 1.213 96.803 16941.081 4.224 0.010 9.746 -0.416
11.069 1.987 77.388 -1941.464 4.195 0.010 9.737 -0.434
11.095 2.613 62.548 -1484.037 4.173 0.010 9.723 -0.456
11.127 3.126 51.331 -1121.718 4.156 0.010 9.707 -0.483
11.162 3.555 42.912 -841.860 4.143 0.010 9.688 -0.513
11.201 3.921 36.648 -626.419 4.134 0.010 9.667 -0.546
11.244 4.242 32.058 -459.000 4.129 0.010 9.643 -0.581
11.289 4.530 28.793 -326.470 4.127 0.010 9.618 -0.619
11.337 4.796 26.605 -218.786 4.127 0.010 9.592 -0.659
11.387 5.049 25.322 -128.378 4.131 0.010 9.564 -0.701
11.440 5.297 24.826 -49.520 4.138 0.010 9.535 -0.746
11.496 5.548 25.048 22.169 4.147 0.010 9.505 -0.792
11.554 5.807 25.949 90.073 4.159 0.010 9.474 -0.842
11.615 6.083 27.517 156.787 4.175 0.010 9.443 -0.894
11.679 6.380 29.758 224.166 4.193 0.010 9.411 -0.949
11.746 6.707 32.690 293.202 4.216 0.010 9.378 -1.007
11.816 7.070 36.327 363.665 4.242 0.010 9.345 -1.070
11.891 7.477 40.661 433.419 4.272 0.010 9.312 -1.137
11.970 7.933 45.634 497.302 4.307 0.010 9.280 -1.209
12.055 8.444 51.089 545.472 4.347 0.010 9.248 -1.288
12.145 9.011 56.702 561.332 4.393 0.010 9.218 -1.372
12.241 9.630 61.898 519.577 4.445 0.010 9.190 -1.465
12.344 10.288 65.758 386.007 4.503 0.010 9.166 -1.565
12.454 10.958 66.981 122.266 4.569 0.010 9.146 -1.672
12.570 11.597 63.979 -300.223 4.640 0.010 9.134 -1.788
12.691 12.150 55.227 -875.127 4.717 0.010 9.130 -1.909
12.817 12.549 39.900 -1532.698 4.798 0.010 9.135 -2.035
12.944 12.735 18.590 -2131.080 4.881 0.010 9.151 -2.161
13.071 12.671 -6.359 -2494.824 4.965 0.010 9.178 -2.285
13.194 12.358 -31.337 -2497.861 5.046 0.010 9.214 -2.403
13.313 11.830 -52.711 -2137.379 5.123 0.010 9.257 -2.513
13.424 11.150 -68.069 -1535.775 5.195 0.010 9.305 -2.614
13.528 10.382 -76.757 -868.814 5.261 0.010 9.356 -2.704
13.624 9.587 -79.571 -281.350 5.320 0.010 9.408 -2.784
13.712 8.806 -78.033 153.737 5.373 0.010 9.461 -2.855
13.793 8.069 -73.749 428.395 5.420 0.010 9.512 -2.918
13.867 7.388 -68.040 570.936 5.461 0.010 9.561 -2.973
13.934 6.770 -61.837 620.334 5.498 0.010 9.608 -3.022
13.996 6.213 -55.720 611.692 5.530 0.010 9.652 -3.065
14.053 5.713 -50.008 571.203 5.559 0.010 9.695 -3.103
14.106 5.264 -44.845 516.244 5.584 0.010 9.735 -3.138
14.155 4.862 -40.272 457.337 5.606 0.010 9.772 -3.169
14.200 4.499 -36.269 400.319 5.626 0.010 9.807 -3.196
14.241 4.171 -32.788 348.061 5.643 0.010 9.841 -3.222
14.280 3.873 -29.771 301.680 5.659 0.010 9.872 -3.245
14.316 3.602 -27.158 261.325 5.672 0.010 9.901 -3.265
14.350 3.353 -24.891 226.643 5.684 0.010 9.929 -3.284
14.381 3.124 -22.921 197.064 5.695 0.010 9.955 -3.302
14.410 2.912 -21.201 171.951 5.704 0.010 9.979 -3.318
14.437 2.715 -19.695 150.678 5.712 0.010 10.002 -3.333
14.462 2.531 -18.368 132.675 5.719 0.010 10.023 -3.346
14.486 2.359 -17.193 117.433 5.726 0.010 10.043 -3.359
14.508 2.197 -16.148 104.513 5.731 0.010 10.062 -3.370
14.529 2.045 -15.213 93.536 5.736 0.010 10.079 -3.381
14.548 1.902 -14.371 84.182 5.740 0.010 10.096 -3.391
14.565 1.766 -13.609 76.176 5.744 0.010 10.111 -3.400
14.582 1.636 -12.917 69.287 5.747 0.010 10.125 -3.408
14.597 1.514 -12.283 63.317 5.749 0.010 10.138 -3.416
14.611 1.397 -11.702 58.097 5.751 0.010 10.150 -3.423
14.623 1.285 -11.168 53.481 5.753 0.010 10.161 -3.430
14.635 1.178 -10.674 49.346 5.755 0.010 10.171 -3.436
14.646 1.076 -10.218 45.583 5.756 0.010 10.180 -3.441
14.656 0.978 -9.797 42.103 5.757 0.010 10.189 -3.446
14.665 0.884 -9.409 38.826 5.758 0.010 10.196 -3.451
14.673 0.793 -9.052 35.686 5.758 0.010 10.203 -3.454
14.680 0.706 -8.726 32.628 5.759 0.010 10.209 -3.458
14.686 0.622 -8.430 29.605 5.759 0.010 10.215 -3.461
14.691 0.540 -8.164 26.583 5.759 0.010 10.219 -3.464
14.696 0.461 -7.929 23.535 5.759 0.010 10.223 -3.466
14.700 0.386 -7.491 43.715 5.759 0.010 10.227 -3.468
14.703 0.318 -6.790 70.166 5.760 0.010 10.230 -3.470
14.705 0.257 -6.059 73.084 5.760 0.010 10.232 -3.471
14.708 0.204 -5.364 69.473 5.760 0.010 10.234 -3.472
14.709 0.157 -4.699 66.538 5.760 0.010 10.235 -3.473
14.710 0.116 -4.057 64.216 5.760 0.010 10.236 -3.473
14.711 0.082 -3.432 62.442 5.760 0.010 10.237 -3.474
14.712 0.054 -2.821 61.145 5.760 0.010 10.237 -3.474
14.712 0.032 -2.218 60.253 5.760 0.010 10.237 -3.474
14.712 0.015 -1.621 59.691 5.760 0.010 10.237 -3.474
14.712 0.005 -1.028 59.383 5.760 0.010 10.237 -3.474
14.712 0.001 -0.435 59.250 5.760 0.010 10.238 -3.474
14.712 0.000 -0.069 36.558 5.760 0.010 10.238 -3.474
