Gear_Center_Red
277
0.000 0.005 0.541 54.076 0.000 0.010 0.000 1.125
0.000 0.011 0.541 -0.000 0.000 0.010 0.000 1.125
0.000 0.024 1.352 81.114 0.000 0.010 0.000 1.125
0.001 0.043 1.893 54.076 0.000 0.010 0.001 1.125
0.001 0.068 2.433 54.076 0.000 0.010 0.001 1.125
0.002 0.095 2.704 27.038 0.000 0.010 0.002 1.125
0.004 0.122 2.704 0.000 0.000 0.010 0.004 1.125
0.005 0.149 2.704 -0.000 0.000 0.010 0.005 1.125
0.007 0.176 2.704 -0.000 0.000 0.010 0.007 1.125
0.009 0.203 2.704 0.000 0.000 0.010 0.009 1.125
0.011 0.230 2.704 0.000 0.000 0.010 0.011 1.125
0.014 0.257 2.704 -0.000 0.000 0.010 0.014 1.125
0.017 0.284 2.704 0.000 0.000 0.010 0.017 1.125
0.020 0.311 2.704 0.000 0.000 0.010 0.020 1.125
0.023 0.338 2.704 -0.000 0.000 0.010 0.023 1.125
0.027 0.365 2.704 0.000 0.000 0.010 0.027 1.125
0.031 0.392 2.704 0.000 0.000 0.010 0.031 1.125
0.035 0.419 2.704 -0.000 0.000 0.010 0.035 1.125
0.039 0.446 2.704 0.000 0.000 0.010 0.039 1.125
0.044 0.473 2.704 -0.000 0.000 0.010 0.044 1.125
0.049 0.500 2.704 -0.000 0.000 0.010 0.049 1.125
0.054 0.527 2.704 0.000 0.000 0.010 0.054 1.125
0.060 0.554 2.704 0.000 0.000 0.010 0.060 1.125
0.066 0.581 2.704 -0.000 0.000 0.010 0.066 1.125
0.072 0.608 2.704 0.000 0.000 0.010 0.072 1.125
0.078 0.635 2.704 0.000 0.000 0.010 0.078 1.125
0.085 0.662 2.704 -0.000 0.000 0.010 0.085 1.125
0.092 0.689 2.704 0.000 0.000 0.010 0.092 1.125
0.099 0.717 2.704 -0.000 0.000 0.010 0.099 1.125
0.106 0.744 2.704 0.000 0.000 0.010 0.106 1.125
0.114 0.771 2.704 0.000 0.000 0.010 0.114 1.125
0.122 0.798 2.704 -0.000 0.000 0.010 0.122 1.125
0.130 0.825 2.704 0.000 0.000 0.010 0.130 1.125
0.139 0.852 2.704 -0.000 0.000 0.010 0.139 1.125
0.147 0.879 2.704 -0.000 0.000 0.010 0.147 1.125
0.157 0.906 2.704 0.000 0.000 0.010 0.157 1.125
0.166 0.933 2.704 -0.000 0.000 0.010 0.166 1.125
0.175 0.960 2.704 0.000 0.000 0.010 0.175 1.125
0.185 0.987 2.704 0.000 0.000 0.010 0.185 1.125
0.195 1.014 2.704 0.000 0.000 0.010 0.195 1.125
0.206 1.041 2.704 -0.000 0.000 0.010 0.206 1.125
0.217 1.068 2.704 0.000 0.000 0.010 0.217 1.125
0.228 1.095 2.704 -0.000 0.000 0.010 0.228 1.125
0.239 1.122 2.704 0.000 0.000 0.010 0.239 1.125
0.250 1.149 2.704 -0.000 0.000 0.010 0.250 1.125
0.262 1.176 2.704 -0.000 0.000 0.010 0.262 1.125
0.274 1.203 2.704 0.000 0.000 0.010 0.274 1.125
0.286 1.230 2.704 0.000 0.000 0.010 0.286 1.125
0.299 1.257 2.704 0.000 0.000 0.010 0.299 1.125
0.312 1.284 2.704 -0.000 0.000 0.010 0.312 1.125
0.325 1.311 2.704 0.000 0.000 0.010 0.325 1.125
0.338 1.338 2.704 0.000 0.000 0.010 0.338 1.125
0.352 1.365 2.704 0.000 0.000 0.010 0.352 1.125
0.366 1.392 2.704 -0.000 0.000 0.010 0.366 1.125
0.380 1.419 2.704 0.000 0.000 0.010 0.380 1.125
0.394 1.447 2.704 -0.000 0.000 0.010 0.394 1.125
0.409 1.474 2.704 0.000 0.000 0.010 0.409 1.125
0.424 1.501 2.704 0.000 0.000 0.010 0.424 1.125
0.440 1.528 2.704 -0.000 0.000 0.010 0.440 1.125
0.455 1.555 2.704 0.000 0.000 0.010 0.455 1.125
0.471 1.582 2.704 -0.000 0.000 0.010 0.471 1.125
0.487 1.609 2.704 0.000 0.000 0.010 0.487 1.125
0.503 1.636 2.704 -0.000 0.000 0.010 0.503 1.125
0.520 1.663 2.704 0.000 0.000 0.010 0.520 1.125
0.537 1.690 2.704 0.000 0.000 0.010 0.537 1.125
0.554 1.717 2.704 -0.000 0.000 0.010 0.554 1.125
0.571 1.744 2.704 0.000 0.000 0.010 0.571 1.125
0.589 1.771 2.704 0.000 0.000 0.010 0.589 1.125
0.607 1.798 2.704 -0.000 0.000 0.010 0.607 1.125
0.625 1.825 2.704 0.000 0.000 0.010 0.625 1.125
0.644 1.852 2.704 0.000 0.000 0.010 0.644 1.125
0.663 1.879 2.704 -0.000 0.000 0.010 0.663 1.125
0.682 1.906 2.704 0.000 0.000 0.010 0.682 1.125
0.701 1.933 2.704 -0.000 0.000 0.010 0.701 1.125
0.721 1.960 2.704 0.000 0.000 0.010 0.721 1.125
0.741 1.987 2.704 -0.000 0.000 0.010 0.741 1.125
0.761 2.014 2.704 0.000 0.000 0.010 0.761 1.125
0.781 2.041 2.704 0.000 0.000 0.010 0.781 1.125
0.802 2.068 2.704 0.000 0.000 0.010 0.802 1.125
0.823 2.095 2.704 -0.000 0.000 0.010 0.823 1.125
0.844 2.122 2.704 0.000 0.000 0.010 0.844 1.125
0.865 2.150 2.704 0.000 0.000 0.010 0.865 1.125
0.887 2.177 2.704 -0.000 0.000 0.010 0.887 1.125
0.909 2.204 2.704 0.000 0.000 0.010 0.909 1.125
0.932 2.231 2.704 0.000 0.000 0.010 0.932 1.125
0.954 2.258 2.704 0.000 0.000 0.010 0.954 1.125
0.977 2.285 2.704 -0.000 0.000 0.010 0.977 1.125
1.000 2.312 2.704 0.000 0.000 0.010 1.000 1.125
1.024 2.339 2.704 0.000 0.000 0.010 1.024 1.125
1.047 2.366 2.704 -0.000 0.000 0.010 1.047 1.125
1.071 2.393 2.704 0.000 0.000 0.010 1.071 1.125
1.095 2.420 2.704 -0.000 0.000 0.010 1.095 1.125
1.120 2.447 2.704 -0.000 0.000 0.010 1.120 1.125
1.145 2.474 2.704 0.000 0.000 0.010 1.145 1.125
1.170 2.501 2.704 0.000 0.000 0.010 1.170 1.125
1.195 2.528 2.704 -0.000 0.000 0.010 1.195 1.125
1.220 2.555 2.704 0.000 0.000 0.010 1.220 1.125
1.246 2.582 2.704 0.000 0.000 0.010 1.246 1.125
1.272 2.609 2.704 -0.000 0.000 0.010 1.272 1.125
1.299 2.636 2.704 0.000 0.000 0.010 1.299 1.125
1.325 2.663 2.704 0.000 0.000 0.010 1.325 1.125
1.352 2.690 2.704 -0.000 0.000 0.010 1.352 1.125
1.379 2.717 2.704 0.000 0.000 0.010 1.379 1.125
1.407 2.744 2.704 0.000 0.000 0.010 1.407 1.125
1.434 2.771 2.704 -0.000 0.000 0.010 1.434 1.125
1.462 2.798 2.704 0.000 0.000 0.010 1.462 1.125
1.491 2.825 2.704 0.000 0.000 0.010 1.491 1.125
1.519 2.852 2.704 0.000 0.000 0.010 1.519 1.125
1.548 2.880 2.704 -0.000 0.000 0.010 1.548 1.125
1.577 2.907 2.704 0.000 0.000 0.010 1.577 1.125
1.606 2.934 2.704 -0.000 0.000 0.010 1.606 1.125
1.636 2.961 2.704 0.000 0.000 0.010 1.636 1.125
1.666 2.988 2.704 0.000 0.000 0.010 1.666 1.125
1.696 3.015 2.704 0.000 0.000 0.010 1.696 1.125
1.727 3.042 2.704 0.000 0.000 0.010 1.727 1.125
1.757 3.069 2.704 -0.000 0.000 0.010 1.757 1.125
1.788 3.096 2.704 0.000 0.000 0.010 1.788 1.125
1.819 3.123 2.704 0.000 0.000 0.010 1.819 1.125
1.851 3.150 2.704 0.000 0.000 0.010 1.851 1.125
1.883 3.177 2.704 -0.000 0.000 0.010 1.883 1.125
1.915 3.204 2.704 0.000 0.000 0.010 1.915 1.125
1.947 3.231 2.704 0.000 0.000 0.010 1.947 1.125
1.980 3.258 2.704 0.000 0.000 0.010 1.980 1.125
2.012 3.290 3.212 50.847 6.283 0.010 2.012 1.125
2.046 3.375 8.447 523.428 6.283 0.010 2.046 1.125
2.081 3.473 9.831 138.423 6.281 0.010 2.081 1.125
2.117 3.572 9.907 7.604 6.280 0.010 2.117 1.125
2.153 3.673 10.064 15.743 6.277 0.010 2.153 1.125
2.191 3.776 10.306 24.207 6.274 0.010 2.191 1.124
2.230 3.882 10.639 33.246 6.270 0.010 2.230 1.124
2.270 3.993 11.070 43.140 6.265 0.010 2.270 1.123
2.311 4.109 11.612 54.209 6.260 0.010 2.311 1.123
2.353 4.232 12.281 66.834 6.254 0.010 2.353 1.121
2.397 4.363 13.095 81.480 6.247 0.010 2.397 1.120
2.442 4.500 13.738 64.305 6.238 0.010 2.442 1.118
2.488 4.642 14.196 45.804 6.229 0.010 2.488 1.116
2.536 4.790 14.814 61.782 6.219 0.010 2.536 1.113
2.586 4.946 15.569 75.437 6.207 0.010 2.585 1.110
2.637 5.107 16.150 58.115 6.194 0.010 2.636 1.105
2.690 5.277 16.981 83.097 6.179 0.010 2.689 1.100
2.744 5.462 18.458 147.731 6.162 0.010 2.743 1.094
2.801 5.664 20.264 180.563 6.144 0.010 2.799 1.087
2.860 5.890 22.512 224.786 6.123 0.010 2.857 1.078
2.921 6.146 25.690 317.814 6.100 0.010 2.918 1.067
2.986 6.446 29.929 423.884 6.073 0.010 2.981 1.055
3.054 6.796 34.997 506.850 6.044 0.010 3.048 1.040
3.126 7.206 41.033 603.551 6.010 0.010 3.117 1.022
3.203 7.688 48.159 712.651 5.972 0.010 3.191 0.999
3.285 8.252 56.444 828.478 5.929 0.010 3.269 0.973
3.374 8.910 65.815 937.088 5.880 0.010 3.352 0.940
3.471 9.669 75.915 1010.064 5.824 0.010 3.439 0.899
3.576 10.528 85.880 996.426 5.759 0.010 3.532 0.849
3.691 11.469 94.041 816.142 5.687 0.010 3.629 0.789
3.815 12.446 97.698 365.696 5.605 0.010 3.730 0.715
3.949 13.378 93.251 -444.672 5.515 0.010 3.830 0.626
4.091 14.150 77.193 -1605.823 5.417 0.010 3.927 0.523
4.237 14.631 48.138 -2905.531 5.315 0.010 4.016 0.407
4.384 14.721 8.956 -3918.147 5.212 0.010 4.093 0.281
4.528 14.390 -33.082 -4203.818 5.112 0.010 4.155 0.152
4.665 13.697 -69.296 -3621.411 5.018 0.010 4.203 0.023
4.793 12.760 -93.737 -2444.073 4.932 0.010 4.236 -0.100
4.910 11.708 -105.172 -1143.485 4.855 0.010 4.257 -0.215
5.016 10.648 -106.022 -85.058 4.787 0.010 4.268 -0.321
5.113 9.647 -100.052 597.013 4.727 0.010 4.272 -0.418
5.200 8.741 -90.646 940.615 4.676 0.010 4.272 -0.505
5.279 7.939 -80.158 1048.763 4.631 0.010 4.267 -0.584
5.352 7.240 -69.955 1020.336 4.593 0.010 4.260 -0.656
5.418 6.633 -60.695 925.942 4.559 0.010 4.251 -0.722
5.479 6.107 -52.612 808.312 4.531 0.010 4.240 -0.782
5.536 5.650 -45.710 690.212 4.505 0.010 4.229 -0.838
5.588 5.251 -39.888 582.184 4.484 0.010 4.218 -0.889
5.637 4.901 -35.008 488.003 4.465 0.010 4.207 -0.936
5.683 4.591 -30.928 408.032 4.448 0.010 4.195 -0.981
5.726 4.316 -27.517 341.103 4.434 0.010 4.183 -1.022
5.767 4.070 -24.662 285.499 4.422 0.010 4.172 -1.061
5.805 3.847 -22.268 239.437 4.411 0.010 4.161 -1.098
5.842 3.644 -20.255 201.280 4.402 0.010 4.150 -1.133
5.876 3.459 -18.559 169.610 4.394 0.010 4.139 -1.166
5.909 3.287 -17.126 143.241 4.388 0.010 4.129 -1.197
5.941 3.128 -15.914 121.197 4.383 0.010 4.119 -1.227
5.970 2.979 -14.888 102.683 4.379 0.010 4.109 -1.255
5.999 2.839 -14.017 87.056 4.376 0.010 4.100 -1.282
6.026 2.706 -13.279 73.796 4.374 0.010 4.091 -1.307
6.052 2.580 -12.654 62.486 4.373 0.010 4.082 -1.332
6.076 2.459 -12.126 52.787 4.372 0.010 4.074 -1.355
6.100 2.342 -11.682 44.425 4.373 0.010 4.066 -1.377
6.122 2.229 -11.310 37.180 4.374 0.010 4.059 -1.398
6.143 2.119 -11.002 30.874 4.376 0.010 4.052 -1.418
6.163 2.011 -10.748 25.362 4.378 0.010 4.045 -1.437
6.182 1.906 -10.543 20.528 4.382 0.010 4.039 -1.455
6.200 1.802 -10.380 16.279 4.386 0.010 4.033 -1.472
6.217 1.699 -10.254 12.542 4.390 0.010 4.027 -1.488
6.233 1.598 -10.162 9.257 4.396 0.010 4.022 -1.503
6.248 1.497 -10.098 6.383 4.402 0.010 4.018 -1.517
6.262 1.396 -10.059 3.887 4.408 0.010 4.014 -1.531
6.275 1.296 -10.042 1.747 4.416 0.010 4.010 -1.543
6.287 1.195 -10.042 -0.046 4.424 0.010 4.006 -1.555
6.298 1.095 -10.057 -1.497 4.432 0.010 4.003 -1.565
6.308 0.994 -10.083 -2.600 4.442 0.010 4.001 -1.575
6.317 0.893 -10.117 -3.343 4.452 0.010 3.998 -1.583
6.325 0.791 -10.154 -3.706 4.462 0.010 3.996 -1.591
6.332 0.689 -10.190 -3.666 4.473 0.010 3.995 -1.598
6.338 0.587 -10.222 -3.191 4.485 0.010 3.993 -1.603
6.342 0.485 -10.245 -2.250 4.498 0.010 3.992 -1.608
6.346 0.382 -10.253 -0.806 4.511 0.010 3.991 -1.612
6.349 0.280 -10.241 1.176 4.525 0.010 3.991 -1.615
6.351 0.178 -10.204 3.731 4.540 0.010 3.990 -1.616
6.352 0.076 -10.135 6.887 4.555 0.010 3.990 -1.617
6.352 0.024 -5.259 487.537 4.571 0.010 3.990 -1.617
6.353 0.123 9.877 1513.677 4.588 0.010 3.991 -1.616
6.355 0.219 9.676 -20.093 4.605 0.010 3.991 -1.613
6.358 0.314 9.419 -25.710 4.623 0.010 3.991 -1.610
6.362 0.405 9.101 -31.859 4.641 0.010 3.991 -1.606
6.367 0.492 8.716 -38.458 4.660 0.010 3.992 -1.601
6.373 0.574 8.262 -45.390 4.679 0.010 3.992 -1.596
6.380 0.652 7.737 -52.510 4.699 0.010 3.992 -1.589
6.387 0.723 7.141 -59.638 4.719 0.010 3.992 -1.582
6.395 0.788 6.475 -66.571 4.740 0.010 3.992 -1.574
6.403 0.845 5.744 -73.089 4.761 0.010 3.992 -1.566
6.412 0.895 4.955 -78.958 4.782 0.010 3.991 -1.557
6.422 0.936 4.115 -83.954 4.803 0.010 3.990 -1.547
6.431 0.968 3.236 -87.865 4.824 0.010 3.989 -1.538
6.441 0.992 2.331 -90.513 4.845 0.010 3.988 -1.528
6.451 1.006 1.414 -91.764 4.866 0.010 3.987 -1.518
6.461 1.011 0.498 -91.537 4.887 0.010 3.985 -1.508
6.471 1.007 -0.400 -89.812 4.907 0.010 3.983 -1.498
6.481 0.994 -1.266 -86.631 4.928 0.010 3.981 -1.488
6.491 0.973 -2.087 -82.095 4.948 0.010 3.979 -1.479
6.501 0.945 -2.851 -76.357 4.967 0.010 3.977 -1.470
6.510 0.909 -3.547 -69.610 4.986 0.010 3.974 -1.461
6.518 0.868 -4.167 -62.074 5.004 0.010 3.972 -1.452
6.526 0.821 -4.707 -53.984 5.021 0.010 3.970 -1.445
6.534 0.769 -5.163 -45.570 5.038 0.010 3.967 -1.437
6.541 0.714 -5.534 -37.054 5.054 0.010 3.965 -1.431
6.548 0.655 -5.820 -28.632 5.069 0.010 3.963 -1.424
6.554 0.595 -6.025 -20.474 5.084 0.010 3.961 -1.419
6.559 0.534 -6.152 -12.717 5.098 0.010 3.959 -1.414
6.564 0.472 -6.206 -5.464 5.110 0.010 3.957 -1.410
6.568 0.410 -6.194 1.211 5.123 0.010 3.955 -1.406
6.571 0.348 -6.122 7.266 5.134 0.010 3.954 -1.403
6.574 0.288 -5.995 12.682 5.145 0.010 3.953 -1.400
6.577 0.230 -5.820 17.461 5.154 0.010 3.952 -1.398
6.578 0.174 -5.604 21.620 5.163 0.010 3.951 -1.396
6.580 0.121 -5.352 25.188 5.172 0.010 3.950 -1.395
6.580 0.070 -5.070 28.202 5.179 0.010 3.950 -1.395
6.581 0.022 -4.763 30.704 5.186 0.010 3.950 -1.394
6.581 0.022 -0.042 472.094 5.193 0.010 3.950 -1.395
6.581 0.063 4.092 413.444 5.199 0.010 3.950 -1.395
6.582 0.100 3.737 -35.558 5.204 0.010 3.951 -1.396
6.584 0.134 3.372 -36.428 5.209 0.010 3.951 -1.397
6.585 0.164 3.003 -36.984 5.213 0.010 3.952 -1.399
6.587 0.190 2.630 -37.257 5.216 0.010 3.953 -1.400
6.589 0.213 2.257 -37.273 5.220 0.010 3.954 -1.402
6.592 0.232 1.887 -37.057 5.222 0.010 3.955 -1.404
6.594 0.247 1.520 -36.629 5.225 0.010 3.956 -1.406
6.597 0.259 1.160 -36.006 5.227 0.010 3.958 -1.409
6.599 0.267 0.808 -35.203 5.229 0.010 3.959 -1.411
6.602 0.271 0.466 -34.233 5.230 0.010 3.960 -1.413
6.605 0.273 0.135 -33.108 5.232 0.010 3.962 -1.416
6.608 0.271 -0.183 -31.835 5.233 0.010 3.963 -1.418
6.610 0.266 -0.488 -30.426 5.233 0.010 3.964 -1.420
6.613 0.258 -0.777 -28.888 5.234 0.010 3.966 -1.423
6.615 0.248 -1.049 -27.229 5.235 0.010 3.967 -1.425
6.618 0.235 -1.303 -25.456 5.235 0.010 3.968 -1.427
6.620 0.219 -1.539 -23.579 5.235 0.010 3.969 -1.429
6.622 0.202 -1.755 -21.604 5.236 0.010 3.970 -1.430
6.624 0.182 -1.951 -19.539 5.236 0.010 3.971 -1.432
6.625 0.161 -2.125 -17.394 5.236 0.010 3.972 -1.433
6.627 0.138 -2.276 -15.177 5.236 0.010 3.973 -1.435
6.628 0.114 -2.405 -12.897 5.236 0.010 3.973 -1.436
6.629 0.089 -2.511 -10.564 5.236 0.010 3.974 -1.436
6.629 0.063 -2.556 -4.491 5.236 0.010 3.974 -1.437
6.630 0.040 -2.307 24.912 5.236 0.010 3.974 -1.437
6.630 0.022 -1.799 50.772 5.236 0.010 3.974 -1.437
6.630 0.010 -1.272 52.674 5.236 0.010 3.974 -1.437
6.630 0.002 -0.736 53.643 5.236 0.010 3.974 -1.437
6.630 0.000 -0.233 50.278 5.236 0.010 3.974 -1.437
0.000 0.005 0.541 54.076 0.000 0.010 0.000 -1.125
0.000 0.011 0.541 -0.000 0.000 0.010 0.000 -1.125
0.000 0.024 1.352 81.114 0.000 0.010 0.000 -1.125
0.001 0.043 1.893 54.076 0.000 0.010 0.001 -1.125
0.001 0.068 2.433 54.076 0.000 0.010 0.001 -1.125
0.002 0.095 2.704 27.038 0.000 0.010 0.002 -1.125
0.004 0.122 2.704 0.000 0.000 0.010 0.004 -1.125
0.005 0.149 2.704 -0.000 0.000 0.010 0.005 -1.125
0.007 0.176 2.704 -0.000 0.000 0.010 0.007 -1.125
0.009 0.203 2.704 0.000 0.000 0.010 0.009 -1.125
0.011 0.230 2.704 0.000 0.000 0.010 0.011 -1.125
0.014 0.257 2.704 -0.000 0.000 0.010 0.014 -1.125
0.017 0.284 2.704 0.000 0.000 0.010 0.017 -1.125
0.020 0.311 2.704 0.000 0.000 0.010 0.020 -1.125
0.023 0.338 2.704 -0.000 0.000 0.010 0.023 -1.125
0.027 0.365 2.704 0.000 0.000 0.010 0.027 -1.125
0.031 0.392 2.704 0.000 0.000 0.010 0.031 -1.125
0.035 0.419 2.704 -0.000 0.000 0.010 0.035 -1.125
0.039 0.446 2.704 0.000 0.000 0.010 0.039 -1.125
0.044 0.473 2.704 -0.000 0.000 0.010 0.044 -1.125
0.049 0.500 2.704 -0.000 0.000 0.010 0.049 -1.125
0.054 0.527 2.704 0.000 0.000 0.010 0.054 -1.125
0.060 0.554 2.704 0.000 0.000 0.010 0.060 -1.125
0.066 0.581 2.704 -0.000 0.000 0.010 0.066 -1.125
0.072 0.608 2.704 0.000 0.000 0.010 0.072 -1.125
0.078 0.635 2.704 0.000 0.000 0.010 0.078 -1.125
0.085 0.662 2.704 -0.000 0.000 0.010 0.085 -1.125
0.092 0.689 2.704 0.000 0.000 0.010 0.092 -1.125
0.099 0.717 2.704 -0.000 0.000 0.010 0.099 -1.125
0.106 0.744 2.704 0.000 0.000 0.010 0.106 -1.125
0.114 0.771 2.704 0.000 0.000 0.010 0.114 -1.125
0.122 0.798 2.704 -0.000 0.000 0.010 0.122 -1.125
0.130 0.825 2.704 0.000 0.000 0.010 0.130 -1.125
0.139 0.852 2.704 -0.000 0.000 0.010 0.139 -1.125
0.147 0.879 2.704 -0.000 0.000 0.010 0.147 -1.125
0.157 0.906 2.704 0.000 0.000 0.010 0.157 -1.125
0.166 0.933 2.704 -0.000 0.000 0.010 0.166 -1.125
0.175 0.960 2.704 0.000 0.000 0.010 0.175 -1.125
0.185 0.987 2.704 0.000 0.000 0.010 0.185 -1.125
0.195 1.014 2.704 0.000 0.000 0.010 0.195 -1.125
0.206 1.041 2.704 -0.000 0.000 0.010 0.206 -1.125
0.217 1.068 2.704 0.000 0.000 0.010 0.217 -1.125
0.228 1.095 2.704 -0.000 0.000 0.010 0.228 -1.125
0.239 1.122 2.704 0.000 0.000 0.010 0.239 -1.125
0.250 1.149 2.704 -0.000 0.000 0.010 0.250 -1.125
0.262 1.176 2.704 -0.000 0.000 0.010 0.262 -1.125
0.274 1.203 2.704 0.000 0.000 0.010 0.274 -1.125
0.286 1.230 2.704 0.000 0.000 0.010 0.286 -1.125
0.299 1.257 2.704 0.000 0.000 0.010 0.299 -1.125
0.312 1.284 2.704 -0.000 0.000 0.010 0.312 -1.125
0.325 1.311 2.704 0.000 0.000 0.010 0.325 -1.125
0.338 1.338 2.704 0.000 0.000 0.010 0.338 -1.125
0.352 1.365 2.704 0.000 0.000 0.010 0.352 -1.125
0.366 1.392 2.704 -0.000 0.000 0.010 0.366 -1.125
0.380 1.419 2.704 0.000 0.000 0.010 0.380 -1.125
0.394 1.447 2.704 -0.000 0.000 0.010 0.394 -1.125
0.409 1.474 2.704 0.000 0.000 0.010 0.409 -1.125
0.424 1.501 2.704 0.000 0.000 0.010 0.424 -1.125
0.440 1.528 2.704 -0.000 0.000 0.010 0.440 -1.125
0.455 1.555 2.704 0.000 0.000 0.010 0.455 -1.125
0.471 1.582 2.704 -0.000 0.000 0.010 0.471 -1.125
0.487 1.609 2.704 0.000 0.000 0.010 0.487 -1.125
0.503 1.636 2.704 -0.000 0.000 0.010 0.503 -1.125
0.520 1.663 2.704 0.000 0.000 0.010 0.520 -1.125
0.537 1.690 2.704 0.000 0.000 0.010 0.537 -1.125
0.554 1.717 2.704 -0.000 0.000 0.010 0.554 -1.125
0.571 1.744 2.704 0.000 0.000 0.010 0.571 -1.125
0.589 1.771 2.704 0.000 0.000 0.010 0.589 -1.125
0.607 1.798 2.704 -0.000 0.000 0.010 0.607 -1.125
0.625 1.825 2.704 0.000 0.000 0.010 0.625 -1.125
0.644 1.852 2.704 0.000 0.000 0.010 0.644 -1.125
0.663 1.879 2.704 -0.000 0.000 0.010 0.663 -1.125
0.682 1.906 2.704 0.000 0.000 0.010 0.682 -1.125
0.701 1.933 2.704 -0.000 0.000 0.010 0.701 -1.125
0.721 1.960 2.704 0.000 0.000 0.010 0.721 -1.125
0.741 1.987 2.704 -0.000 0.000 0.010 0.741 -1.125
0.761 2.014 2.704 0.000 0.000 0.010 0.761 -1.125
0.781 2.041 2.704 0.000 0.000 0.010 0.781 -1.125
0.802 2.068 2.704 0.000 0.000 0.010 0.802 -1.125
0.823 2.095 2.704 -0.000 0.000 0.010 0.823 -1.125
0.844 2.122 2.704 0.000 0.000 0.010 0.844 -1.125
0.865 2.150 2.704 0.000 0.000 0.010 0.865 -1.125
0.887 2.177 2.704 -0.000 0.000 0.010 0.887 -1.125
0.909 2.204 2.704 0.000 0.000 0.010 0.909 -1.125
0.932 2.231 2.704 0.000 0.000 0.010 0.932 -1.125
0.954 2.258 2.704 0.000 0.000 0.010 0.954 -1.125
0.977 2.285 2.704 -0.000 0.000 0.010 0.977 -1.125
1.000 2.312 2.704 0.000 0.000 0.010 1.000 -1.125
1.024 2.339 2.704 0.000 0.000 0.010 1.024 -1.125
1.047 2.366 2.704 -0.000 0.000 0.010 1.047 -1.125
1.071 2.393 2.704 0.000 0.000 0.010 1.071 -1.125
1.095 2.420 2.704 -0.000 0.000 0.010 1.095 -1.125
1.120 2.447 2.704 -0.000 0.000 0.010 1.120 -1.125
1.145 2.474 2.704 0.000 0.000 0.010 1.145 -1.125
1.170 2.501 2.704 0.000 0.000 0.010 1.170 -1.125
1.195 2.528 2.704 -0.000 0.000 0.010 1.195 -1.125
1.220 2.555 2.704 0.000 0.000 0.010 1.220 -1.125
1.246 2.582 2.704 0.000 0.000 0.010 1.246 -1.125
1.272 2.609 2.704 -0.000 0.000 0.010 1.272 -1.125
1.299 2.636 2.704 0.000 0.000 0.010 1.299 -1.125
1.325 2.663 2.704 0.000 0.000 0.010 1.325 -1.125
1.352 2.690 2.704 -0.000 0.000 0.010 1.352 -1.125
1.379 2.717 2.704 0.000 0.000 0.010 1.379 -1.125
1.407 2.744 2.704 0.000 0.000 0.010 1.407 -1.125
1.434 2.771 2.704 -0.000 0.000 0.010 1.434 -1.125
1.462 2.798 2.704 0.000 0.000 0.010 1.462 -1.125
1.491 2.825 2.704 0.000 0.000 0.010 1.491 -1.125
1.519 2.852 2.704 0.000 0.000 0.010 1.519 -1.125
1.548 2.880 2.704 -0.000 0.000 0.010 1.548 -1.125
1.577 2.907 2.704 0.000 0.000 0.010 1.577 -1.125
1.606 2.934 2.704 -0.000 0.000 0.010 1.606 -1.125
1.636 2.961 2.704 0.000 0.000 0.010 1.636 -1.125
1.666 2.988 2.704 0.000 0.000 0.010 1.666 -1.125
1.696 3.015 2.704 0.000 0.000 0.010 1.696 -1.125
1.727 3.042 2.704 0.000 0.000 0.010 1.727 -1.125
1.757 3.069 2.704 -0.000 0.000 0.010 1.757 -1.125
1.788 3.096 2.704 0.000 0.000 0.010 1.788 -1.125
1.819 3.123 2.704 0.000 0.000 0.010 1.819 -1.125
1.851 3.150 2.704 0.000 0.000 0.010 1.851 -1.125
1.883 3.177 2.704 -0.000 0.000 0.010 1.883 -1.125
1.915 3.204 2.704 0.000 0.000 0.010 1.915 -1.125
1.947 3.231 2.704 0.000 0.000 0.010 1.947 -1.125
1.980 3.258 2.704 0.000 0.000 0.010 1.980 -1.125
2.012 3.280 2.195 -50.847 6.283 0.010 2.012 -1.125
2.045 3.250 -3.039 -523.429 6.283 0.010 2.045 -1.125
2.077 3.205 -4.423 -138.425 6.281 0.010 2.077 -1.125
2.109 3.160 -4.499 -7.606 6.280 0.010 2.109 -1.125
2.140 3.114 -4.657 -15.746 6.277 0.010 2.140 -1.125
2.170 3.065 -4.899 -24.210 6.274 0.010 2.170 -1.126
2.200 3.013 -5.231 -33.250 6.270 0.010 2.200 -1.126
2.230 2.956 -5.663 -43.144 6.265 0.010 2.230 -1.126
2.259 2.894 -6.205 -54.215 6.260 0.010 2.259 -1.127
2.287 2.825 -6.873 -66.841 6.254 0.010 2.287 -1.128
2.315 2.748 -7.688 -81.487 6.247 0.010 2.315 -1.129
2.341 2.660 -8.872 -118.391 6.238 0.010 2.341 -1.130
2.367 2.555 -10.412 -153.967 6.229 0.010 2.367 -1.131
2.391 2.434 -12.111 -169.947 6.219 0.010 2.391 -1.132
2.414 2.294 -14.022 -191.058 6.207 0.010 2.414 -1.134
2.435 2.131 -16.300 -227.815 6.194 0.010 2.435 -1.136
2.455 1.944 -18.753 -245.348 6.179 0.010 2.455 -1.138
2.472 1.730 -21.313 -255.913 6.162 0.010 2.472 -1.139
2.487 1.488 -24.200 -288.753 6.144 0.010 2.486 -1.141
2.499 1.214 -27.455 -325.534 6.123 0.010 2.498 -1.143
2.508 0.903 -31.100 -364.502 6.100 0.010 2.507 -1.145
2.514 0.549 -35.340 -423.970 6.073 0.010 2.513 -1.146
2.515 0.145 -40.410 -506.939 6.044 0.010 2.514 -1.146
2.518 0.319 17.377 5778.626 6.010 0.010 2.511 -1.145
2.527 0.855 53.575 3619.882 5.972 0.010 2.503 -1.143
2.542 1.474 61.863 828.768 5.929 0.010 2.489 -1.138
2.563 2.186 71.238 937.455 5.880 0.010 2.469 -1.130
2.593 2.999 81.343 1010.524 5.824 0.010 2.441 -1.117
2.633 3.912 91.313 996.975 5.759 0.010 2.407 -1.099
2.682 4.907 99.480 816.727 5.687 0.010 2.365 -1.073
2.741 5.939 103.142 366.189 5.605 0.010 2.318 -1.037
2.810 6.926 98.697 -444.497 5.515 0.010 2.266 -0.992
2.888 7.752 82.634 -1606.249 5.417 0.010 2.213 -0.935
2.971 8.288 53.567 -2906.736 5.315 0.010 2.162 -0.869
3.055 8.431 14.367 -3919.995 5.212 0.010 2.118 -0.797
3.137 8.154 -27.691 -4205.809 5.112 0.010 2.083 -0.724
3.212 7.515 -63.920 -3622.943 5.018 0.010 2.057 -0.653
3.278 6.632 -88.369 -2444.813 4.932 0.010 2.040 -0.589
3.334 5.633 -99.803 -1143.487 4.855 0.010 2.029 -0.534
3.381 4.627 -100.649 -84.599 4.787 0.010 2.024 -0.488
3.417 3.680 -94.673 597.651 4.727 0.010 2.023 -0.451
3.446 2.828 -85.260 941.245 4.676 0.010 2.023 -0.423
3.467 2.080 -74.767 1049.303 4.631 0.010 2.024 -0.402
3.481 1.434 -64.560 1020.763 4.593 0.010 2.026 -0.388
3.490 0.881 -55.297 926.267 4.559 0.010 2.027 -0.379
3.494 0.409 -47.212 808.555 4.531 0.010 2.027 -0.375
3.494 0.006 -40.303 690.860 4.505 0.010 2.027 -0.375
3.497 0.339 33.236 7353.865 4.484 0.010 2.027 -0.378
3.504 0.635 29.604 -363.215 4.465 0.010 2.025 -0.385
3.512 0.890 25.523 -408.099 4.448 0.010 2.023 -0.393
3.524 1.111 22.111 -341.154 4.434 0.010 2.020 -0.404
3.537 1.304 19.256 -285.538 4.422 0.010 2.016 -0.416
3.551 1.472 16.861 -239.466 4.411 0.010 2.012 -0.430
3.568 1.621 14.848 -201.302 4.402 0.010 2.007 -0.446
3.585 1.752 13.152 -169.627 4.394 0.010 2.002 -0.463
3.604 1.869 11.719 -143.254 4.388 0.010 1.996 -0.480
3.624 1.974 10.507 -121.207 4.383 0.010 1.990 -0.499
3.644 2.069 9.480 -102.691 4.379 0.010 1.983 -0.519
3.666 2.155 8.610 -87.062 4.376 0.010 1.976 -0.539
3.688 2.234 7.872 -73.801 4.374 0.010 1.968 -0.560
3.711 2.307 7.247 -62.490 4.373 0.010 1.961 -0.582
3.735 2.374 6.719 -52.790 4.372 0.010 1.953 -0.604
3.759 2.436 6.274 -44.428 4.373 0.010 1.945 -0.627
3.784 2.495 5.903 -37.182 4.374 0.010 1.936 -0.651
3.810 2.551 5.594 -30.876 4.376 0.010 1.928 -0.675
3.836 2.605 5.340 -25.364 4.378 0.010 1.919 -0.699
3.862 2.656 5.135 -20.530 4.382 0.010 1.911 -0.724
3.889 2.706 4.972 -16.281 4.386 0.010 1.902 -0.750
3.917 2.754 4.847 -12.543 4.390 0.010 1.893 -0.776
3.945 2.802 4.754 -9.259 4.396 0.010 1.884 -0.803
3.973 2.849 4.690 -6.384 4.402 0.010 1.875 -0.830
4.002 2.895 4.651 -3.888 4.408 0.010 1.867 -0.857
4.032 2.942 4.634 -1.748 4.416 0.010 1.858 -0.886
4.062 2.988 4.634 0.045 4.424 0.010 1.849 -0.914
4.092 3.034 4.649 1.496 4.432 0.010 1.841 -0.943
4.123 3.081 4.675 2.599 4.442 0.010 1.833 -0.973
4.154 3.128 4.709 3.342 4.452 0.010 1.824 -1.003
4.186 3.176 4.746 3.705 4.462 0.010 1.816 -1.034
4.218 3.224 4.782 3.665 4.473 0.010 1.808 -1.065
4.251 3.272 4.814 3.191 4.485 0.010 1.801 -1.097
4.284 3.320 4.837 2.249 4.498 0.010 1.794 -1.129
4.318 3.369 4.845 0.806 4.511 0.010 1.787 -1.162
4.352 3.417 4.833 -1.177 4.525 0.010 1.780 -1.196
4.387 3.465 4.796 -3.731 4.540 0.010 1.774 -1.230
4.422 3.512 4.727 -6.887 4.555 0.010 1.768 -1.265
4.457 3.558 4.620 -10.664 4.571 0.010 1.763 -1.300
4.493 3.603 4.470 -15.069 4.588 0.010 1.758 -1.335
4.530 3.646 4.269 -20.095 4.605 0.010 1.754 -1.372
4.567 3.686 4.012 -25.709 4.623 0.010 1.750 -1.408
4.604 3.723 3.693 -31.858 4.641 0.010 1.747 -1.445
4.641 3.756 3.308 -38.456 4.660 0.010 1.745 -1.483
4.679 3.784 2.855 -45.388 4.679 0.010 1.743 -1.521
4.717 3.808 2.329 -52.507 4.699 0.010 1.742 -1.559
4.756 3.825 1.733 -59.635 4.719 0.010 1.742 -1.597
4.794 3.836 1.067 -66.568 4.740 0.010 1.743 -1.635
4.832 3.839 0.337 -73.085 4.761 0.010 1.744 -1.674
4.871 3.835 -0.453 -78.954 4.782 0.010 1.747 -1.712
4.909 3.822 -1.292 -83.950 4.803 0.010 1.750 -1.750
4.947 3.800 -2.171 -87.861 4.824 0.010 1.753 -1.788
4.985 3.769 -3.076 -90.509 4.845 0.010 1.758 -1.825
5.022 3.729 -3.994 -91.760 4.866 0.010 1.763 -1.862
5.059 3.680 -4.909 -91.533 4.887 0.010 1.769 -1.899
5.095 3.622 -5.807 -89.809 4.907 0.010 1.776 -1.934
5.130 3.555 -6.673 -86.628 4.928 0.010 1.783 -1.969
5.165 3.480 -7.494 -82.093 4.948 0.010 1.791 -2.003
5.199 3.398 -8.258 -76.355 4.967 0.010 1.799 -2.036
5.232 3.308 -8.954 -69.609 4.986 0.010 1.808 -2.068
5.264 3.212 -9.575 -62.074 5.004 0.010 1.817 -2.099
5.296 3.111 -10.115 -53.984 5.021 0.010 1.826 -2.128
5.326 3.006 -10.570 -45.571 5.038 0.010 1.835 -2.157
5.355 2.896 -10.941 -37.055 5.054 0.010 1.845 -2.184
5.382 2.784 -11.227 -28.633 5.069 0.010 1.854 -2.210
5.409 2.670 -11.432 -20.475 5.084 0.010 1.864 -2.235
5.435 2.554 -11.559 -12.718 5.098 0.010 1.873 -2.259
5.459 2.438 -11.614 -5.466 5.110 0.010 1.883 -2.282
5.482 2.322 -11.602 1.209 5.123 0.010 1.892 -2.303
5.504 2.207 -11.529 7.264 5.134 0.010 1.901 -2.323
5.525 2.093 -11.402 12.680 5.145 0.010 1.909 -2.342
5.545 1.980 -11.228 17.459 5.154 0.010 1.918 -2.360
5.564 1.870 -11.011 21.618 5.163 0.010 1.926 -2.377
5.581 1.763 -10.760 25.186 5.172 0.010 1.934 -2.393
5.598 1.658 -10.478 28.201 5.179 0.010 1.941 -2.408
5.613 1.556 -10.171 30.703 5.186 0.010 1.948 -2.422
5.628 1.458 -9.843 32.735 5.193 0.010 1.955 -2.435
5.642 1.363 -9.500 34.339 5.199 0.010 1.961 -2.447
5.654 1.271 -9.144 35.558 5.204 0.010 1.967 -2.458
5.666 1.183 -8.780 36.427 5.209 0.010 1.973 -2.468
5.677 1.099 -8.410 36.983 5.213 0.010 1.978 -2.478
5.687 1.019 -8.038 37.256 5.216 0.010 1.983 -2.487
5.697 0.942 -7.665 37.273 5.220 0.010 1.987 -2.495
5.706 0.869 -7.294 37.057 5.222 0.010 1.992 -2.503
5.714 0.800 -6.928 36.629 5.225 0.010 1.996 -2.510
5.721 0.734 -6.568 36.006 5.227 0.010 1.999 -2.516
5.728 0.672 -6.216 35.203 5.229 0.010 2.002 -2.522
5.734 0.613 -5.874 34.233 5.230 0.010 2.005 -2.527
5.739 0.558 -5.543 33.107 5.232 0.010 2.008 -2.532
5.744 0.506 -5.224 31.835 5.233 0.010 2.011 -2.536
5.749 0.457 -4.920 30.426 5.233 0.010 2.013 -2.540
5.753 0.410 -4.631 28.888 5.234 0.010 2.015 -2.544
5.757 0.367 -4.359 27.229 5.235 0.010 2.017 -2.547
5.760 0.326 -4.104 25.456 5.235 0.010 2.019 -2.550
5.763 0.287 -3.868 23.579 5.235 0.010 2.020 -2.552
5.765 0.250 -3.652 21.604 5.236 0.010 2.021 -2.555
5.767 0.216 -3.457 19.539 5.236 0.010 2.022 -2.557
5.769 0.183 -3.283 17.394 5.236 0.010 2.023 -2.558
5.771 0.152 -3.131 15.177 5.236 0.010 2.024 -2.559
5.772 0.122 -3.002 12.897 5.236 0.010 2.025 -2.560
5.773 0.093 -2.897 10.564 5.236 0.010 2.025 -2.561
5.774 0.065 -2.777 11.944 5.236 0.010 2.025 -2.562
5.774 0.041 -2.411 36.616 5.236 0.010 2.026 -2.562
5.774 0.023 -1.837 57.380 5.236 0.010 2.026 -2.562
5.774 0.010 -1.282 55.478 5.236 0.010 2.026 -2.562
5.774 0.002 -0.737 54.508 5.236 0.010 2.026 -2.563
5.774 0.000 -0.233 50.421 5.236 0.010 2.026 -2.563
