middlePath
232
0,000 0,005 0,498 49,797 0,000 0,010 0,000 1,063
0,000 0,010 0,498 0,000 0,000 0,010 0,000 1,063
0,000 0,022 1,245 74,696 0,000 0,010 0,000 1,063
0,001 0,040 1,743 49,797 0,000 0,010 0,001 1,063
0,001 0,062 2,241 49,797 0,000 0,010 0,001 1,063
0,002 0,090 2,739 49,797 0,000 0,010 0,002 1,063
0,003 0,122 3,237 49,797 0,000 0,010 0,003 1,063
0,005 0,159 3,735 49,797 0,000 0,010 0,005 1,063
0,007 0,202 4,233 49,797 0,000 0,010 0,007 1,063
0,010 0,249 4,731 49,797 0,000 0,010 0,010 1,063
0,013 0,301 5,229 49,797 0,000 0,010 0,013 1,063
0,016 0,359 5,727 49,797 0,000 0,010 0,016 1,063
0,020 0,421 6,225 49,797 0,000 0,010 0,020 1,063
0,025 0,488 6,723 49,797 0,000 0,010 0,025 1,063
0,031 0,560 7,221 49,797 0,000 0,010 0,031 1,063
0,037 0,637 7,719 49,797 0,000 0,010 0,037 1,063
0,044 0,717 7,968 24,899 0,000 0,010 0,044 1,063
0,052 0,797 7,968 -0,000 0,000 0,010 0,052 1,063
0,061 0,876 7,968 0,000 0,000 0,010 0,061 1,063
0,071 0,956 7,968 0,000 0,000 0,010 0,071 1,063
0,081 1,036 7,968 0,000 0,000 0,010 0,081 1,063
0,092 1,115 7,968 -0,000 0,000 0,010 0,092 1,063
0,104 1,195 7,968 0,000 0,000 0,010 0,104 1,063
0,117 1,275 7,968 -0,000 0,000 0,010 0,117 1,063
0,130 1,354 7,968 0,000 0,000 0,010 0,130 1,063
0,145 1,434 7,968 -0,000 0,000 0,010 0,145 1,063
0,160 1,514 7,968 0,000 0,000 0,010 0,160 1,063
0,176 1,594 7,968 0,000 0,000 0,010 0,176 1,063
0,193 1,673 7,968 0,000 0,000 0,010 0,193 1,063
0,210 1,753 7,968 -0,000 0,000 0,010 0,210 1,063
0,228 1,833 7,968 0,000 0,000 0,010 0,228 1,063
0,248 1,912 7,968 0,000 0,000 0,010 0,248 1,063
0,268 1,992 7,968 -0,000 0,000 0,010 0,268 1,063
0,288 2,072 7,968 -0,000 0,000 0,010 0,288 1,063
0,310 2,151 7,968 -0,000 0,000 0,010 0,310 1,063
0,332 2,231 7,968 0,000 0,000 0,010 0,332 1,063
0,355 2,311 7,968 0,000 0,000 0,010 0,355 1,063
0,379 2,390 7,968 0,000 0,000 0,010 0,379 1,063
0,404 2,470 7,968 -0,000 0,000 0,010 0,404 1,063
0,429 2,550 7,968 0,000 0,000 0,010 0,429 1,063
0,456 2,629 7,968 0,000 0,000 0,010 0,456 1,063
0,483 2,709 7,968 -0,000 0,000 0,010 0,483 1,063
0,511 2,789 7,968 0,000 0,000 0,010 0,511 1,063
0,539 2,868 7,968 -0,000 0,000 0,010 0,539 1,063
0,569 2,948 7,968 0,000 0,000 0,010 0,569 1,063
0,599 3,028 7,968 0,000 0,000 0,010 0,599 1,063
0,630 3,107 7,968 -0,000 0,000 0,010 0,630 1,063
0,662 3,187 7,968 -0,000 0,000 0,010 0,662 1,063
0,695 3,267 7,968 -0,000 0,000 0,010 0,695 1,063
0,728 3,346 7,968 0,000 0,000 0,010 0,728 1,063
0,762 3,426 7,968 0,000 0,000 0,010 0,762 1,063
0,797 3,506 7,968 0,000 0,000 0,010 0,797 1,063
0,833 3,585 7,968 -0,000 0,000 0,010 0,833 1,063
0,870 3,665 7,968 0,000 0,000 0,010 0,870 1,063
0,907 3,745 7,968 -0,000 0,000 0,010 0,907 1,063
0,946 3,824 7,968 0,000 0,000 0,010 0,946 1,063
0,985 3,904 7,968 0,000 0,000 0,010 0,985 1,063
1,024 3,984 7,968 -0,000 0,000 0,010 1,024 1,063
1,065 4,063 7,968 0,000 0,000 0,010 1,065 1,063
1,106 4,143 7,968 -0,000 0,000 0,010 1,106 1,063
1,149 4,223 7,968 0,000 0,000 0,010 1,149 1,063
1,192 4,302 7,968 -0,000 0,000 0,010 1,192 1,063
1,236 4,382 7,968 0,000 0,000 0,010 1,236 1,063
1,280 4,462 7,968 0,000 0,000 0,010 1,280 1,063
1,326 4,541 7,968 0,000 0,000 0,010 1,326 1,063
1,372 4,621 7,968 -0,000 0,000 0,010 1,372 1,063
1,419 4,701 7,968 0,000 0,000 0,010 1,419 1,063
1,467 4,781 7,968 -0,000 0,000 0,010 1,467 1,063
1,515 4,860 7,968 0,000 0,000 0,010 1,515 1,063
1,565 4,940 7,968 0,000 0,000 0,010 1,565 1,063
1,615 5,020 7,968 -0,000 0,000 0,010 1,615 1,063
1,666 5,099 7,968 0,000 0,000 0,010 1,666 1,063
1,718 5,179 7,968 -0,000 0,000 0,010 1,718 1,063
1,770 5,259 7,968 0,000 0,000 0,010 1,770 1,063
1,824 5,338 7,968 0,000 0,000 0,010 1,824 1,063
1,878 5,418 7,968 -0,000 0,000 0,010 1,878 1,063
1,933 5,498 7,968 0,000 0,000 0,010 1,933 1,063
1,988 5,577 7,968 -0,000 0,000 0,010 1,988 1,063
2,045 5,657 7,968 0,000 0,000 0,010 2,045 1,063
2,102 5,737 7,968 0,000 0,000 0,010 2,102 1,063
2,161 5,816 7,968 -0,000 0,000 0,010 2,161 1,063
2,220 5,896 7,968 0,000 0,000 0,010 2,220 1,063
2,279 5,976 7,968 -0,000 0,000 0,010 2,279 1,063
2,340 6,055 7,968 0,000 0,000 0,010 2,340 1,063
2,401 6,135 7,968 -0,000 0,000 0,010 2,401 1,063
2,463 6,215 7,968 -0,000 0,000 0,010 2,463 1,063
2,526 6,294 7,968 0,000 0,000 0,010 2,526 1,063
2,590 6,374 7,968 -0,000 0,000 0,010 2,590 1,063
2,655 6,454 7,968 0,000 0,000 0,010 2,655 1,063
2,720 6,533 7,968 -0,000 0,000 0,010 2,720 1,063
2,786 6,613 7,968 0,000 0,000 0,010 2,786 1,063
2,853 6,693 7,968 -0,000 0,000 0,010 2,853 1,063
2,921 6,772 7,968 -0,000 0,000 0,010 2,921 1,063
2,989 6,852 7,968 0,000 0,000 0,010 2,989 1,063
3,059 6,932 7,968 -0,000 0,000 0,010 3,059 1,063
3,129 7,011 7,968 0,000 0,000 0,010 3,129 1,063
3,200 7,091 7,968 -0,000 0,000 0,010 3,200 1,063
3,271 7,171 7,968 0,000 0,000 0,010 3,271 1,063
3,344 7,250 7,968 -0,000 0,000 0,010 3,344 1,063
3,417 7,330 7,968 0,000 0,000 0,010 3,417 1,063
3,491 7,407 7,719 -24,899 0,000 0,010 3,491 1,063
3,566 7,480 7,221 -49,797 0,000 0,010 3,566 1,063
3,641 7,547 6,723 -49,797 0,000 0,010 3,641 1,063
3,718 7,609 6,225 -49,797 0,000 0,010 3,718 1,063
3,794 7,666 5,727 -49,797 0,000 0,010 3,794 1,063
3,871 7,719 5,229 -49,797 0,000 0,010 3,871 1,063
3,949 7,766 4,731 -49,797 0,000 0,010 3,949 1,063
4,027 7,808 4,233 -49,797 0,000 0,010 4,027 1,063
4,106 7,846 3,735 -49,797 0,000 0,010 4,106 1,063
4,184 7,878 3,237 -49,797 0,000 0,010 4,184 1,063
4,263 7,905 2,739 -49,797 0,000 0,010 4,263 1,063
4,343 7,928 2,241 -49,797 0,000 0,010 4,343 1,063
4,422 7,945 1,743 -49,797 0,000 0,010 4,422 1,063
4,502 7,958 1,245 -49,797 0,000 0,010 4,502 1,063
4,581 7,965 0,747 -49,797 0,000 0,010 4,581 1,063
4,661 7,967 0,148 -59,902 0,000 0,010 4,661 1,063
4,741 7,962 -0,451 -59,902 0,000 0,010 4,741 1,063
4,820 7,953 -0,949 -49,797 0,000 0,010 4,820 1,063
4,900 7,938 -1,447 -49,797 0,000 0,010 4,900 1,063
4,979 7,919 -1,945 -49,797 0,000 0,010 4,979 1,063
5,058 7,894 -2,443 -49,797 0,000 0,010 5,058 1,063
5,136 7,865 -2,941 -49,797 0,000 0,010 5,136 1,063
5,215 7,830 -3,439 -49,797 0,000 0,010 5,215 1,063
5,293 7,791 -3,937 -49,797 0,000 0,010 5,293 1,063
5,370 7,747 -4,435 -49,797 0,000 0,010 5,370 1,063
5,447 7,697 -4,933 -49,797 0,000 0,010 5,447 1,063
5,523 7,643 -5,431 -49,797 0,000 0,010 5,523 1,063
5,599 7,584 -5,929 -49,797 0,000 0,010 5,599 1,063
5,674 7,519 -6,427 -49,797 0,000 0,010 5,674 1,063
5,749 7,450 -6,925 -49,797 0,000 0,010 5,749 1,063
5,823 7,376 -7,423 -49,797 0,000 0,010 5,823 1,063
5,896 7,298 -7,820 -39,692 0,000 0,010 5,896 1,063
5,968 7,218 -7,968 -14,793 0,000 0,010 5,968 1,063
6,039 7,138 -7,968 0,000 0,000 0,010 6,039 1,063
6,110 7,059 -7,968 -0,000 0,000 0,010 6,110 1,063
6,180 6,979 -7,968 0,000 0,000 0,010 6,180 1,063
6,249 6,899 -7,968 -0,000 0,000 0,010 6,249 1,063
6,317 6,820 -7,968 0,000 0,000 0,010 6,317 1,063
6,384 6,740 -7,968 0,000 0,000 0,010 6,384 1,063
6,451 6,660 -7,968 -0,000 0,000 0,010 6,451 1,063
6,517 6,581 -7,968 0,000 0,000 0,010 6,517 1,063
6,582 6,501 -7,968 0,000 0,000 0,010 6,582 1,063
6,646 6,421 -7,968 -0,000 0,000 0,010 6,646 1,063
6,709 6,342 -7,968 0,000 0,000 0,010 6,709 1,063
6,772 6,262 -7,968 0,000 0,000 0,010 6,772 1,063
6,834 6,182 -7,968 -0,000 0,000 0,010 6,834 1,063
6,895 6,103 -7,968 0,000 0,000 0,010 6,895 1,063
6,955 6,023 -7,968 0,000 0,000 0,010 6,955 1,063
7,014 5,943 -7,968 -0,000 0,000 0,010 7,014 1,063
7,073 5,864 -7,968 0,000 0,000 0,010 7,073 1,063
7,131 5,784 -7,968 0,000 0,000 0,010 7,131 1,063
7,188 5,704 -7,968 0,000 0,000 0,010 7,188 1,063
7,244 5,625 -7,968 0,000 0,000 0,010 7,244 1,063
7,300 5,545 -7,968 -0,000 0,000 0,010 7,300 1,063
7,354 5,465 -7,968 0,000 0,000 0,010 7,354 1,063
7,408 5,386 -7,968 -0,000 0,000 0,010 7,408 1,063
7,461 5,306 -7,968 0,000 0,000 0,010 7,461 1,063
7,513 5,226 -7,968 0,000 0,000 0,010 7,513 1,063
7,565 5,147 -7,968 -0,000 0,000 0,010 7,565 1,063
7,616 5,067 -7,968 0,000 0,000 0,010 7,616 1,063
7,665 4,987 -7,968 0,000 0,000 0,010 7,665 1,063
7,715 4,908 -7,968 -0,000 0,000 0,010 7,715 1,063
7,763 4,828 -7,968 0,000 0,000 0,010 7,763 1,063
7,810 4,748 -7,968 -0,000 0,000 0,010 7,810 1,063
7,857 4,669 -7,968 0,000 0,000 0,010 7,857 1,063
7,903 4,589 -7,968 -0,000 0,000 0,010 7,903 1,063
7,948 4,509 -7,968 -0,000 0,000 0,010 7,948 1,063
7,992 4,429 -7,968 0,000 0,000 0,010 7,992 1,063
8,036 4,350 -7,968 0,000 0,000 0,010 8,036 1,063
8,078 4,270 -7,968 -0,000 0,000 0,010 8,078 1,063
8,120 4,190 -7,968 0,000 0,000 0,010 8,120 1,063
8,161 4,111 -7,968 0,000 0,000 0,010 8,161 1,063
8,202 4,031 -7,968 -0,000 0,000 0,010 8,202 1,063
8,241 3,951 -7,968 -0,000 0,000 0,010 8,241 1,063
8,280 3,872 -7,968 0,000 0,000 0,010 8,280 1,063
8,318 3,792 -7,968 -0,000 0,000 0,010 8,318 1,063
8,355 3,712 -7,968 0,000 0,000 0,010 8,355 1,063
8,391 3,633 -7,968 0,000 0,000 0,010 8,391 1,063
8,427 3,553 -7,968 -0,000 0,000 0,010 8,427 1,063
8,462 3,473 -7,968 0,000 0,000 0,010 8,462 1,063
8,496 3,394 -7,968 -0,000 0,000 0,010 8,496 1,063
8,529 3,314 -7,968 0,000 0,000 0,010 8,529 1,063
8,561 3,234 -7,968 0,000 0,000 0,010 8,561 1,063
8,593 3,155 -7,968 -0,000 0,000 0,010 8,593 1,063
8,623 3,075 -7,968 -0,000 0,000 0,010 8,623 1,063
8,653 2,995 -7,968 0,000 0,000 0,010 8,653 1,063
8,682 2,916 -7,968 -0,000 0,000 0,010 8,682 1,063
8,711 2,836 -7,968 -0,000 0,000 0,010 8,711 1,063
8,738 2,756 -7,968 0,000 0,000 0,010 8,738 1,063
8,765 2,677 -7,968 -0,000 0,000 0,010 8,765 1,063
8,791 2,597 -7,968 0,000 0,000 0,010 8,791 1,063
8,816 2,517 -7,968 0,000 0,000 0,010 8,816 1,063
8,841 2,438 -7,968 -0,000 0,000 0,010 8,841 1,063
8,864 2,358 -7,968 0,000 0,000 0,010 8,864 1,063
8,887 2,278 -7,968 -0,000 0,000 0,010 8,887 1,063
8,909 2,199 -7,968 0,000 0,000 0,010 8,909 1,063
8,930 2,119 -7,968 0,000 0,000 0,010 8,930 1,063
8,951 2,039 -7,968 -0,000 0,000 0,010 8,951 1,063
8,970 1,960 -7,968 0,000 0,000 0,010 8,970 1,063
8,989 1,880 -7,968 0,000 0,000 0,010 8,989 1,063
9,007 1,800 -7,968 -0,000 0,000 0,010 9,007 1,063
9,024 1,721 -7,968 0,000 0,000 0,010 9,024 1,063
9,041 1,641 -7,968 0,000 0,000 0,010 9,041 1,063
9,056 1,561 -7,968 -0,000 0,000 0,010 9,056 1,063
9,071 1,481 -7,968 0,000 0,000 0,010 9,071 1,063
9,085 1,402 -7,968 0,000 0,000 0,010 9,085 1,063
9,098 1,322 -7,968 -0,000 0,000 0,010 9,098 1,063
9,111 1,242 -7,968 0,000 0,000 0,010 9,111 1,063
9,122 1,163 -7,968 0,000 0,000 0,010 9,122 1,063
9,133 1,083 -7,968 -0,000 0,000 0,010 9,133 1,063
9,143 1,003 -7,968 0,000 0,000 0,010 9,143 1,063
9,152 0,924 -7,968 0,000 0,000 0,010 9,152 1,063
9,161 0,844 -7,968 -0,000 0,000 0,010 9,161 1,063
9,168 0,764 -7,968 -0,000 0,000 0,010 9,168 1,063
9,175 0,685 -7,968 0,000 0,000 0,010 9,175 1,063
9,181 0,606 -7,866 10,105 0,000 0,010 9,181 1,063
9,187 0,531 -7,516 35,004 0,000 0,010 9,187 1,063
9,191 0,461 -7,018 49,797 0,000 0,010 9,191 1,063
9,195 0,396 -6,521 49,797 0,000 0,010 9,195 1,063
9,199 0,335 -6,023 49,797 0,000 0,010 9,199 1,063
9,201 0,280 -5,525 49,797 0,000 0,010 9,201 1,063
9,204 0,230 -5,027 49,797 0,000 0,010 9,204 1,063
9,206 0,184 -4,529 49,797 0,000 0,010 9,206 1,063
9,207 0,144 -4,031 49,797 0,000 0,010 9,207 1,063
9,208 0,109 -3,533 49,797 0,000 0,010 9,208 1,063
9,209 0,079 -3,035 49,797 0,000 0,010 9,209 1,063
9,209 0,053 -2,537 49,797 0,000 0,010 9,209 1,063
9,210 0,033 -2,039 49,797 0,000 0,010 9,210 1,063
9,210 0,017 -1,541 49,797 0,000 0,010 9,210 1,063
9,210 0,007 -1,043 49,797 0,000 0,010 9,210 1,063
9,210 0,001 -0,545 49,797 0,000 0,010 9,210 1,063
9,210 0,000 -0,148 39,692 0,000 0,010 9,210 1,063
0,000 0,005 0,498 49,797 0,000 0,010 0,000 -1,063
0,000 0,010 0,498 0,000 0,000 0,010 0,000 -1,063
0,000 0,022 1,245 74,696 0,000 0,010 0,000 -1,063
0,001 0,040 1,743 49,797 0,000 0,010 0,001 -1,063
0,001 0,062 2,241 49,797 0,000 0,010 0,001 -1,063
0,002 0,090 2,739 49,797 0,000 0,010 0,002 -1,063
0,003 0,122 3,237 49,797 0,000 0,010 0,003 -1,063
0,005 0,159 3,735 49,797 0,000 0,010 0,005 -1,063
0,007 0,202 4,233 49,797 0,000 0,010 0,007 -1,063
0,010 0,249 4,731 49,797 0,000 0,010 0,010 -1,063
0,013 0,301 5,229 49,797 0,000 0,010 0,013 -1,063
0,016 0,359 5,727 49,797 0,000 0,010 0,016 -1,063
0,020 0,421 6,225 49,797 0,000 0,010 0,020 -1,063
0,025 0,488 6,723 49,797 0,000 0,010 0,025 -1,063
0,031 0,560 7,221 49,797 0,000 0,010 0,031 -1,063
0,037 0,637 7,719 49,797 0,000 0,010 0,037 -1,063
0,044 0,717 7,968 24,899 0,000 0,010 0,044 -1,063
0,052 0,797 7,968 -0,000 0,000 0,010 0,052 -1,063
0,061 0,876 7,968 0,000 0,000 0,010 0,061 -1,063
0,071 0,956 7,968 0,000 0,000 0,010 0,071 -1,063
0,081 1,036 7,968 0,000 0,000 0,010 0,081 -1,063
0,092 1,115 7,968 -0,000 0,000 0,010 0,092 -1,063
0,104 1,195 7,968 0,000 0,000 0,010 0,104 -1,063
0,117 1,275 7,968 -0,000 0,000 0,010 0,117 -1,063
0,130 1,354 7,968 0,000 0,000 0,010 0,130 -1,063
0,145 1,434 7,968 -0,000 0,000 0,010 0,145 -1,063
0,160 1,514 7,968 0,000 0,000 0,010 0,160 -1,063
0,176 1,594 7,968 0,000 0,000 0,010 0,176 -1,063
0,193 1,673 7,968 0,000 0,000 0,010 0,193 -1,063
0,210 1,753 7,968 -0,000 0,000 0,010 0,210 -1,063
0,228 1,833 7,968 0,000 0,000 0,010 0,228 -1,063
0,248 1,912 7,968 0,000 0,000 0,010 0,248 -1,063
0,268 1,992 7,968 -0,000 0,000 0,010 0,268 -1,063
0,288 2,072 7,968 -0,000 0,000 0,010 0,288 -1,063
0,310 2,151 7,968 -0,000 0,000 0,010 0,310 -1,063
0,332 2,231 7,968 0,000 0,000 0,010 0,332 -1,063
0,355 2,311 7,968 0,000 0,000 0,010 0,355 -1,063
0,379 2,390 7,968 0,000 0,000 0,010 0,379 -1,063
0,404 2,470 7,968 -0,000 0,000 0,010 0,404 -1,063
0,429 2,550 7,968 0,000 0,000 0,010 0,429 -1,063
0,456 2,629 7,968 0,000 0,000 0,010 0,456 -1,063
0,483 2,709 7,968 -0,000 0,000 0,010 0,483 -1,063
0,511 2,789 7,968 0,000 0,000 0,010 0,511 -1,063
0,539 2,868 7,968 -0,000 0,000 0,010 0,539 -1,063
0,569 2,948 7,968 0,000 0,000 0,010 0,569 -1,063
0,599 3,028 7,968 0,000 0,000 0,010 0,599 -1,063
0,630 3,107 7,968 -0,000 0,000 0,010 0,630 -1,063
0,662 3,187 7,968 -0,000 0,000 0,010 0,662 -1,063
0,695 3,267 7,968 -0,000 0,000 0,010 0,695 -1,063
0,728 3,346 7,968 0,000 0,000 0,010 0,728 -1,063
0,762 3,426 7,968 0,000 0,000 0,010 0,762 -1,063
0,797 3,506 7,968 0,000 0,000 0,010 0,797 -1,063
0,833 3,585 7,968 -0,000 0,000 0,010 0,833 -1,063
0,870 3,665 7,968 0,000 0,000 0,010 0,870 -1,063
0,907 3,745 7,968 -0,000 0,000 0,010 0,907 -1,063
0,946 3,824 7,968 0,000 0,000 0,010 0,946 -1,063
0,985 3,904 7,968 0,000 0,000 0,010 0,985 -1,063
1,024 3,984 7,968 -0,000 0,000 0,010 1,024 -1,063
1,065 4,063 7,968 0,000 0,000 0,010 1,065 -1,063
1,106 4,143 7,968 -0,000 0,000 0,010 1,106 -1,063
1,149 4,223 7,968 0,000 0,000 0,010 1,149 -1,063
1,192 4,302 7,968 -0,000 0,000 0,010 1,192 -1,063
1,236 4,382 7,968 0,000 0,000 0,010 1,236 -1,063
1,280 4,462 7,968 0,000 0,000 0,010 1,280 -1,063
1,326 4,541 7,968 0,000 0,000 0,010 1,326 -1,063
1,372 4,621 7,968 -0,000 0,000 0,010 1,372 -1,063
1,419 4,701 7,968 0,000 0,000 0,010 1,419 -1,063
1,467 4,781 7,968 -0,000 0,000 0,010 1,467 -1,063
1,515 4,860 7,968 0,000 0,000 0,010 1,515 -1,063
1,565 4,940 7,968 0,000 0,000 0,010 1,565 -1,063
1,615 5,020 7,968 -0,000 0,000 0,010 1,615 -1,063
1,666 5,099 7,968 0,000 0,000 0,010 1,666 -1,063
1,718 5,179 7,968 -0,000 0,000 0,010 1,718 -1,063
1,770 5,259 7,968 0,000 0,000 0,010 1,770 -1,063
1,824 5,338 7,968 0,000 0,000 0,010 1,824 -1,063
1,878 5,418 7,968 -0,000 0,000 0,010 1,878 -1,063
1,933 5,498 7,968 0,000 0,000 0,010 1,933 -1,063
1,988 5,577 7,968 -0,000 0,000 0,010 1,988 -1,063
2,045 5,657 7,968 0,000 0,000 0,010 2,045 -1,063
2,102 5,737 7,968 0,000 0,000 0,010 2,102 -1,063
2,161 5,816 7,968 -0,000 0,000 0,010 2,161 -1,063
2,220 5,896 7,968 0,000 0,000 0,010 2,220 -1,063
2,279 5,976 7,968 -0,000 0,000 0,010 2,279 -1,063
2,340 6,055 7,968 0,000 0,000 0,010 2,340 -1,063
2,401 6,135 7,968 -0,000 0,000 0,010 2,401 -1,063
2,463 6,215 7,968 -0,000 0,000 0,010 2,463 -1,063
2,526 6,294 7,968 0,000 0,000 0,010 2,526 -1,063
2,590 6,374 7,968 -0,000 0,000 0,010 2,590 -1,063
2,655 6,454 7,968 0,000 0,000 0,010 2,655 -1,063
2,720 6,533 7,968 -0,000 0,000 0,010 2,720 -1,063
2,786 6,613 7,968 0,000 0,000 0,010 2,786 -1,063
2,853 6,693 7,968 -0,000 0,000 0,010 2,853 -1,063
2,921 6,772 7,968 -0,000 0,000 0,010 2,921 -1,063
2,989 6,852 7,968 0,000 0,000 0,010 2,989 -1,063
3,059 6,932 7,968 -0,000 0,000 0,010 3,059 -1,063
3,129 7,011 7,968 0,000 0,000 0,010 3,129 -1,063
3,200 7,091 7,968 -0,000 0,000 0,010 3,200 -1,063
3,271 7,171 7,968 0,000 0,000 0,010 3,271 -1,063
3,344 7,250 7,968 -0,000 0,000 0,010 3,344 -1,063
3,417 7,330 7,968 0,000 0,000 0,010 3,417 -1,063
3,491 7,407 7,719 -24,899 0,000 0,010 3,491 -1,063
3,566 7,480 7,221 -49,797 0,000 0,010 3,566 -1,063
3,641 7,547 6,723 -49,797 0,000 0,010 3,641 -1,063
3,718 7,609 6,225 -49,797 0,000 0,010 3,718 -1,063
3,794 7,666 5,727 -49,797 0,000 0,010 3,794 -1,063
3,871 7,719 5,229 -49,797 0,000 0,010 3,871 -1,063
3,949 7,766 4,731 -49,797 0,000 0,010 3,949 -1,063
4,027 7,808 4,233 -49,797 0,000 0,010 4,027 -1,063
4,106 7,846 3,735 -49,797 0,000 0,010 4,106 -1,063
4,184 7,878 3,237 -49,797 0,000 0,010 4,184 -1,063
4,263 7,905 2,739 -49,797 0,000 0,010 4,263 -1,063
4,343 7,928 2,241 -49,797 0,000 0,010 4,343 -1,063
4,422 7,945 1,743 -49,797 0,000 0,010 4,422 -1,063
4,502 7,958 1,245 -49,797 0,000 0,010 4,502 -1,063
4,581 7,965 0,747 -49,797 0,000 0,010 4,581 -1,063
4,661 7,967 0,148 -59,902 0,000 0,010 4,661 -1,063
4,741 7,962 -0,451 -59,902 0,000 0,010 4,741 -1,063
4,820 7,953 -0,949 -49,797 0,000 0,010 4,820 -1,063
4,900 7,938 -1,447 -49,797 0,000 0,010 4,900 -1,063
4,979 7,919 -1,945 -49,797 0,000 0,010 4,979 -1,063
5,058 7,894 -2,443 -49,797 0,000 0,010 5,058 -1,063
5,136 7,865 -2,941 -49,797 0,000 0,010 5,136 -1,063
5,215 7,830 -3,439 -49,797 0,000 0,010 5,215 -1,063
5,293 7,791 -3,937 -49,797 0,000 0,010 5,293 -1,063
5,370 7,747 -4,435 -49,797 0,000 0,010 5,370 -1,063
5,447 7,697 -4,933 -49,797 0,000 0,010 5,447 -1,063
5,523 7,643 -5,431 -49,797 0,000 0,010 5,523 -1,063
5,599 7,584 -5,929 -49,797 0,000 0,010 5,599 -1,063
5,674 7,519 -6,427 -49,797 0,000 0,010 5,674 -1,063
5,749 7,450 -6,925 -49,797 0,000 0,010 5,749 -1,063
5,823 7,376 -7,423 -49,797 0,000 0,010 5,823 -1,063
5,896 7,298 -7,820 -39,692 0,000 0,010 5,896 -1,063
5,968 7,218 -7,968 -14,793 0,000 0,010 5,968 -1,063
6,039 7,138 -7,968 0,000 0,000 0,010 6,039 -1,063
6,110 7,059 -7,968 -0,000 0,000 0,010 6,110 -1,063
6,180 6,979 -7,968 0,000 0,000 0,010 6,180 -1,063
6,249 6,899 -7,968 -0,000 0,000 0,010 6,249 -1,063
6,317 6,820 -7,968 0,000 0,000 0,010 6,317 -1,063
6,384 6,740 -7,968 0,000 0,000 0,010 6,384 -1,063
6,451 6,660 -7,968 -0,000 0,000 0,010 6,451 -1,063
6,517 6,581 -7,968 0,000 0,000 0,010 6,517 -1,063
6,582 6,501 -7,968 0,000 0,000 0,010 6,582 -1,063
6,646 6,421 -7,968 -0,000 0,000 0,010 6,646 -1,063
6,709 6,342 -7,968 0,000 0,000 0,010 6,709 -1,063
6,772 6,262 -7,968 0,000 0,000 0,010 6,772 -1,063
6,834 6,182 -7,968 -0,000 0,000 0,010 6,834 -1,063
6,895 6,103 -7,968 0,000 0,000 0,010 6,895 -1,063
6,955 6,023 -7,968 0,000 0,000 0,010 6,955 -1,063
7,014 5,943 -7,968 -0,000 0,000 0,010 7,014 -1,063
7,073 5,864 -7,968 0,000 0,000 0,010 7,073 -1,063
7,131 5,784 -7,968 0,000 0,000 0,010 7,131 -1,063
7,188 5,704 -7,968 0,000 0,000 0,010 7,188 -1,063
7,244 5,625 -7,968 0,000 0,000 0,010 7,244 -1,063
7,300 5,545 -7,968 -0,000 0,000 0,010 7,300 -1,063
7,354 5,465 -7,968 0,000 0,000 0,010 7,354 -1,063
7,408 5,386 -7,968 -0,000 0,000 0,010 7,408 -1,063
7,461 5,306 -7,968 0,000 0,000 0,010 7,461 -1,063
7,513 5,226 -7,968 0,000 0,000 0,010 7,513 -1,063
7,565 5,147 -7,968 -0,000 0,000 0,010 7,565 -1,063
7,616 5,067 -7,968 0,000 0,000 0,010 7,616 -1,063
7,665 4,987 -7,968 0,000 0,000 0,010 7,665 -1,063
7,715 4,908 -7,968 -0,000 0,000 0,010 7,715 -1,063
7,763 4,828 -7,968 0,000 0,000 0,010 7,763 -1,063
7,810 4,748 -7,968 -0,000 0,000 0,010 7,810 -1,063
7,857 4,669 -7,968 0,000 0,000 0,010 7,857 -1,063
7,903 4,589 -7,968 -0,000 0,000 0,010 7,903 -1,063
7,948 4,509 -7,968 -0,000 0,000 0,010 7,948 -1,063
7,992 4,429 -7,968 0,000 0,000 0,010 7,992 -1,063
8,036 4,350 -7,968 0,000 0,000 0,010 8,036 -1,063
8,078 4,270 -7,968 -0,000 0,000 0,010 8,078 -1,063
8,120 4,190 -7,968 0,000 0,000 0,010 8,120 -1,063
8,161 4,111 -7,968 0,000 0,000 0,010 8,161 -1,063
8,202 4,031 -7,968 -0,000 0,000 0,010 8,202 -1,063
8,241 3,951 -7,968 -0,000 0,000 0,010 8,241 -1,063
8,280 3,872 -7,968 0,000 0,000 0,010 8,280 -1,063
8,318 3,792 -7,968 -0,000 0,000 0,010 8,318 -1,063
8,355 3,712 -7,968 0,000 0,000 0,010 8,355 -1,063
8,391 3,633 -7,968 0,000 0,000 0,010 8,391 -1,063
8,427 3,553 -7,968 -0,000 0,000 0,010 8,427 -1,063
8,462 3,473 -7,968 0,000 0,000 0,010 8,462 -1,063
8,496 3,394 -7,968 -0,000 0,000 0,010 8,496 -1,063
8,529 3,314 -7,968 0,000 0,000 0,010 8,529 -1,063
8,561 3,234 -7,968 0,000 0,000 0,010 8,561 -1,063
8,593 3,155 -7,968 -0,000 0,000 0,010 8,593 -1,063
8,623 3,075 -7,968 -0,000 0,000 0,010 8,623 -1,063
8,653 2,995 -7,968 0,000 0,000 0,010 8,653 -1,063
8,682 2,916 -7,968 -0,000 0,000 0,010 8,682 -1,063
8,711 2,836 -7,968 -0,000 0,000 0,010 8,711 -1,063
8,738 2,756 -7,968 0,000 0,000 0,010 8,738 -1,063
8,765 2,677 -7,968 -0,000 0,000 0,010 8,765 -1,063
8,791 2,597 -7,968 0,000 0,000 0,010 8,791 -1,063
8,816 2,517 -7,968 0,000 0,000 0,010 8,816 -1,063
8,841 2,438 -7,968 -0,000 0,000 0,010 8,841 -1,063
8,864 2,358 -7,968 0,000 0,000 0,010 8,864 -1,063
8,887 2,278 -7,968 -0,000 0,000 0,010 8,887 -1,063
8,909 2,199 -7,968 0,000 0,000 0,010 8,909 -1,063
8,930 2,119 -7,968 0,000 0,000 0,010 8,930 -1,063
8,951 2,039 -7,968 -0,000 0,000 0,010 8,951 -1,063
8,970 1,960 -7,968 0,000 0,000 0,010 8,970 -1,063
8,989 1,880 -7,968 0,000 0,000 0,010 8,989 -1,063
9,007 1,800 -7,968 -0,000 0,000 0,010 9,007 -1,063
9,024 1,721 -7,968 0,000 0,000 0,010 9,024 -1,063
9,041 1,641 -7,968 0,000 0,000 0,010 9,041 -1,063
9,056 1,561 -7,968 -0,000 0,000 0,010 9,056 -1,063
9,071 1,481 -7,968 0,000 0,000 0,010 9,071 -1,063
9,085 1,402 -7,968 0,000 0,000 0,010 9,085 -1,063
9,098 1,322 -7,968 -0,000 0,000 0,010 9,098 -1,063
9,111 1,242 -7,968 0,000 0,000 0,010 9,111 -1,063
9,122 1,163 -7,968 0,000 0,000 0,010 9,122 -1,063
9,133 1,083 -7,968 -0,000 0,000 0,010 9,133 -1,063
9,143 1,003 -7,968 0,000 0,000 0,010 9,143 -1,063
9,152 0,924 -7,968 0,000 0,000 0,010 9,152 -1,063
9,161 0,844 -7,968 -0,000 0,000 0,010 9,161 -1,063
9,168 0,764 -7,968 -0,000 0,000 0,010 9,168 -1,063
9,175 0,685 -7,968 0,000 0,000 0,010 9,175 -1,063
9,181 0,606 -7,866 10,105 0,000 0,010 9,181 -1,063
9,187 0,531 -7,516 35,004 0,000 0,010 9,187 -1,063
9,191 0,461 -7,018 49,797 0,000 0,010 9,191 -1,063
9,195 0,396 -6,521 49,797 0,000 0,010 9,195 -1,063
9,199 0,335 -6,023 49,797 0,000 0,010 9,199 -1,063
9,201 0,280 -5,525 49,797 0,000 0,010 9,201 -1,063
9,204 0,230 -5,027 49,797 0,000 0,010 9,204 -1,063
9,206 0,184 -4,529 49,797 0,000 0,010 9,206 -1,063
9,207 0,144 -4,031 49,797 0,000 0,010 9,207 -1,063
9,208 0,109 -3,533 49,797 0,000 0,010 9,208 -1,063
9,209 0,079 -3,035 49,797 0,000 0,010 9,209 -1,063
9,209 0,053 -2,537 49,797 0,000 0,010 9,209 -1,063
9,210 0,033 -2,039 49,797 0,000 0,010 9,210 -1,063
9,210 0,017 -1,541 49,797 0,000 0,010 9,210 -1,063
9,210 0,007 -1,043 49,797 0,000 0,010 9,210 -1,063
9,210 0,001 -0,545 49,797 0,000 0,010 9,210 -1,063
9,210 0,000 -0,148 39,692 0,000 0,010 9,210 -1,063
