RedRight
300
0,000 0,005 0,497 49,665 0,000 0,010 0,000 1,063
0,000 0,010 0,497 -0,000 0,000 0,010 0,000 1,063
0,000 0,022 1,242 74,497 0,000 0,010 0,000 1,063
0,001 0,040 1,738 49,665 0,000 0,010 0,001 1,063
0,001 0,062 2,235 49,665 0,000 0,010 0,001 1,063
0,002 0,089 2,732 49,665 0,000 0,010 0,002 1,063
0,003 0,122 3,228 49,665 0,000 0,010 0,003 1,063
0,005 0,159 3,725 49,665 0,000 0,010 0,005 1,063
0,007 0,201 4,222 49,665 0,000 0,010 0,007 1,063
0,010 0,248 4,718 49,665 0,000 0,010 0,010 1,063
0,013 0,300 5,215 49,665 0,000 0,010 0,013 1,063
0,016 0,358 5,711 49,665 0,000 0,010 0,016 1,063
0,020 0,420 6,208 49,665 0,000 0,010 0,020 1,063
0,025 0,487 6,705 49,665 0,000 0,010 0,025 1,063
0,031 0,559 7,201 49,665 0,000 0,010 0,031 1,063
0,037 0,636 7,698 49,665 0,000 0,010 0,037 1,063
0,044 0,718 8,195 49,665 0,000 0,010 0,044 1,063
0,052 0,802 8,443 24,832 0,000 0,010 0,052 1,063
0,061 0,887 8,443 -0,000 0,000 0,010 0,061 1,063
0,071 0,971 8,443 0,000 0,000 0,010 0,071 1,063
0,081 1,055 8,443 -0,000 0,000 0,010 0,081 1,063
0,093 1,140 8,443 0,000 0,000 0,010 0,093 1,063
0,105 1,224 8,443 -0,000 0,000 0,010 0,105 1,063
0,118 1,309 8,443 -0,000 0,000 0,010 0,118 1,063
0,132 1,393 8,443 0,000 0,000 0,010 0,132 1,063
0,147 1,478 8,443 0,000 0,000 0,010 0,147 1,063
0,163 1,562 8,443 0,000 0,000 0,010 0,163 1,063
0,179 1,646 8,443 -0,000 0,000 0,010 0,179 1,063
0,196 1,731 8,443 -0,000 0,000 0,010 0,196 1,063
0,214 1,815 8,443 0,000 0,000 0,010 0,214 1,063
0,233 1,900 8,443 0,000 0,000 0,010 0,233 1,063
0,253 1,984 8,443 -0,000 0,000 0,010 0,253 1,063
0,274 2,069 8,443 -0,000 0,000 0,010 0,274 1,063
0,296 2,153 8,443 0,000 0,000 0,010 0,296 1,063
0,318 2,237 8,443 -0,000 0,000 0,010 0,318 1,063
0,341 2,322 8,443 0,000 0,000 0,010 0,341 1,063
0,365 2,406 8,443 -0,000 0,000 0,010 0,365 1,063
0,390 2,491 8,443 0,000 0,000 0,010 0,390 1,063
0,416 2,575 8,443 0,000 0,000 0,010 0,416 1,063
0,442 2,660 8,443 -0,000 0,000 0,010 0,442 1,063
0,470 2,744 8,443 0,000 0,000 0,010 0,470 1,063
0,498 2,828 8,443 0,000 0,000 0,010 0,498 1,063
0,527 2,913 8,443 0,000 0,000 0,010 0,527 1,063
0,557 2,997 8,443 -0,000 0,000 0,010 0,557 1,063
0,588 3,082 8,443 -0,000 0,000 0,010 0,588 1,063
0,620 3,166 8,443 0,000 0,000 0,010 0,620 1,063
0,652 3,251 8,443 -0,000 0,000 0,010 0,652 1,063
0,686 3,335 8,443 0,000 0,000 0,010 0,686 1,063
0,720 3,419 8,443 -0,000 0,000 0,010 0,720 1,063
0,755 3,504 8,443 0,000 0,000 0,010 0,755 1,063
0,791 3,588 8,443 0,000 0,000 0,010 0,791 1,063
0,827 3,673 8,443 0,000 0,000 0,010 0,827 1,063
0,865 3,757 8,443 0,000 0,000 0,010 0,865 1,063
0,903 3,842 8,443 0,000 0,000 0,010 0,903 1,063
0,943 3,926 8,443 -0,000 0,000 0,010 0,943 1,063
0,983 4,010 8,443 -0,000 0,000 0,010 0,983 1,063
1,024 4,095 8,443 -0,000 0,000 0,010 1,024 1,063
1,066 4,179 8,443 0,000 0,000 0,010 1,066 1,063
1,108 4,264 8,443 0,000 0,000 0,010 1,108 1,063
1,152 4,348 8,443 -0,000 0,000 0,010 1,152 1,063
1,196 4,433 8,443 0,000 0,000 0,010 1,196 1,063
1,241 4,517 8,443 0,000 0,000 0,010 1,241 1,063
1,287 4,601 8,443 0,000 0,000 0,010 1,287 1,063
1,334 4,686 8,443 -0,000 0,000 0,010 1,334 1,063
1,382 4,770 8,443 0,000 0,000 0,010 1,382 1,063
1,430 4,855 8,443 -0,000 0,000 0,010 1,430 1,063
1,480 4,939 8,443 0,000 0,000 0,010 1,480 1,063
1,530 5,024 8,443 -0,000 0,000 0,010 1,530 1,063
1,581 5,108 8,443 0,000 0,000 0,010 1,581 1,063
1,633 5,192 8,443 -0,000 0,000 0,010 1,633 1,063
1,686 5,277 8,443 0,000 0,000 0,010 1,686 1,063
1,739 5,361 8,443 0,000 0,000 0,010 1,739 1,063
1,794 5,446 8,443 0,000 0,000 0,010 1,794 1,063
1,849 5,530 8,443 0,000 0,000 0,010 1,849 1,063
1,905 5,615 8,443 -0,000 0,000 0,010 1,905 1,063
1,962 5,699 8,443 0,000 0,000 0,010 1,962 1,063
2,020 5,783 8,443 -0,000 0,000 0,010 2,020 1,063
2,079 5,868 8,443 0,000 0,000 0,010 2,079 1,063
2,138 5,952 8,443 -0,000 0,000 0,010 2,138 1,063
2,199 6,037 8,443 0,000 0,000 0,010 2,199 1,063
2,260 6,121 8,443 -0,000 0,000 0,010 2,260 1,063
2,322 6,206 8,443 0,000 0,000 0,010 2,322 1,063
2,385 6,290 8,443 -0,000 0,000 0,010 2,385 1,063
2,448 6,374 8,443 0,000 0,000 0,010 2,448 1,063
2,513 6,459 8,443 -0,000 0,000 0,010 2,513 1,063
2,578 6,543 8,443 0,000 0,000 0,010 2,578 1,063
2,645 6,628 8,443 -0,000 0,000 0,010 2,645 1,063
2,712 6,712 8,443 0,000 0,000 0,010 2,712 1,063
2,780 6,797 8,443 0,000 0,000 0,010 2,780 1,063
2,849 6,881 8,443 -0,000 0,000 0,010 2,849 1,063
2,918 6,965 8,443 0,000 0,000 0,010 2,918 1,063
2,989 7,050 8,443 0,000 0,000 0,010 2,989 1,063
3,060 7,134 8,443 -0,000 0,000 0,010 3,060 1,063
3,132 7,219 8,443 0,000 0,000 0,010 3,132 1,063
3,205 7,303 8,443 -0,000 0,000 0,010 3,205 1,063
3,279 7,388 8,443 0,000 0,000 0,010 3,279 1,063
3,354 7,472 8,443 -0,000 0,000 0,010 3,354 1,063
3,430 7,556 8,443 -0,000 0,000 0,010 3,430 1,063
3,506 7,641 8,443 0,000 0,000 0,010 3,506 1,063
3,583 7,725 8,443 0,000 0,000 0,010 3,583 1,063
3,661 7,810 8,443 -0,000 0,000 0,010 3,661 1,063
3,740 7,894 8,443 0,000 0,000 0,010 3,740 1,063
3,820 7,979 8,443 0,000 0,000 0,010 3,820 1,063
3,901 8,063 8,443 0,000 0,000 0,010 3,901 1,063
3,982 8,148 8,443 0,000 0,000 0,010 3,982 1,063
4,064 8,232 8,443 -0,000 0,000 0,010 4,064 1,063
4,148 8,316 8,443 -0,000 0,000 0,010 4,148 1,063
4,232 8,401 8,443 0,000 0,000 0,010 4,232 1,063
4,316 8,485 8,443 -0,000 0,000 0,010 4,316 1,063
4,402 8,570 8,443 0,000 0,000 0,010 4,402 1,063
4,489 8,654 8,443 -0,000 0,000 0,010 4,489 1,063
4,576 8,739 8,443 0,000 0,000 0,010 4,576 1,063
4,664 8,823 8,443 -0,000 0,000 0,010 4,664 1,063
4,753 8,907 8,443 0,000 0,000 0,010 4,753 1,063
4,843 8,992 8,443 0,000 0,000 0,010 4,843 1,063
4,934 9,076 8,443 0,000 0,000 0,010 4,934 1,063
5,026 9,161 8,443 -0,000 0,000 0,010 5,026 1,063
5,118 9,245 8,443 0,000 0,000 0,010 5,118 1,063
5,211 9,330 8,443 -0,000 0,000 0,010 5,211 1,063
5,306 9,414 8,443 0,000 0,000 0,010 5,306 1,063
5,401 9,498 8,443 -0,000 0,000 0,010 5,401 1,063
5,496 9,583 8,443 -0,000 0,000 0,010 5,496 1,063
5,593 9,667 8,443 0,000 0,000 0,010 5,593 1,063
5,691 9,752 8,443 -0,000 0,000 0,010 5,691 1,063
5,789 9,836 8,443 0,000 0,000 0,010 5,789 1,063
5,888 9,921 8,443 -0,000 0,000 0,010 5,888 1,063
5,988 10,005 8,443 0,000 0,000 0,010 5,988 1,063
6,089 10,089 8,443 0,000 0,000 0,010 6,089 1,063
6,191 10,174 8,443 -0,000 0,000 0,010 6,191 1,063
6,293 10,258 8,443 0,000 0,000 0,010 6,293 1,063
6,397 10,343 8,443 0,000 0,000 0,010 6,397 1,063
6,501 10,427 8,443 -0,000 0,000 0,010 6,501 1,063
6,606 10,512 8,443 -0,000 0,000 0,010 6,606 1,063
6,712 10,593 8,195 -24,832 0,000 0,010 6,712 1,063
6,819 10,670 7,698 -49,665 0,000 0,010 6,819 1,063
6,926 10,742 7,201 -49,665 0,000 0,010 6,926 1,063
7,034 10,810 6,705 -49,665 0,000 0,010 7,034 1,063
7,143 10,872 6,208 -49,665 0,000 0,010 7,143 1,063
7,252 10,929 5,711 -49,665 0,000 0,010 7,252 1,063
7,362 10,981 5,215 -49,665 0,000 0,010 7,362 1,063
7,472 11,028 4,718 -49,665 0,000 0,010 7,472 1,063
7,583 11,070 4,222 -49,665 0,000 0,010 7,583 1,063
7,694 11,108 3,725 -49,665 0,000 0,010 7,694 1,063
7,806 11,140 3,229 -49,618 6,283 0,010 7,806 1,062
7,917 11,170 2,997 -23,163 6,283 0,010 7,917 1,062
8,029 11,199 2,971 -2,625 6,283 0,010 8,029 1,062
8,142 11,228 2,829 -14,146 6,283 0,010 8,142 1,062
8,254 11,255 2,680 -14,980 6,283 0,010 8,254 1,062
8,367 11,280 2,522 -15,768 6,282 0,010 8,367 1,062
8,480 11,301 2,134 -38,766 6,281 0,010 8,480 1,062
8,593 11,319 1,739 -39,504 6,280 0,010 8,593 1,062
8,707 11,334 1,562 -17,689 6,279 0,010 8,707 1,062
8,820 11,348 1,384 -17,863 6,278 0,010 8,820 1,061
8,934 11,360 1,206 -17,763 6,276 0,010 8,934 1,060
9,047 11,370 1,032 -17,354 6,274 0,010 9,047 1,059
9,161 11,379 0,866 -16,601 6,271 0,010 9,161 1,058
9,275 11,386 0,712 -15,468 6,268 0,010 9,275 1,057
9,389 11,392 0,573 -13,917 6,265 0,010 9,389 1,055
9,503 11,396 0,454 -11,906 6,261 0,010 9,503 1,052
9,617 11,400 0,360 -9,385 6,257 0,010 9,617 1,050
9,731 11,403 0,297 -6,298 6,252 0,010 9,731 1,046
9,845 11,406 0,271 -2,578 6,246 0,010 9,845 1,042
9,959 11,409 0,289 1,855 6,240 0,010 9,959 1,038
10,073 11,412 0,360 7,094 6,233 0,010 10,073 1,033
10,187 11,417 0,493 13,252 6,225 0,010 10,187 1,026
10,302 11,424 0,698 20,457 6,217 0,010 10,301 1,019
10,416 11,436 1,230 53,250 6,208 0,010 10,415 1,011
10,530 11,458 2,147 91,704 6,197 0,010 10,529 1,002
10,645 11,490 3,234 108,724 6,186 0,010 10,643 0,992
10,761 11,535 4,489 125,469 6,173 0,010 10,758 0,980
10,877 11,595 5,943 145,367 6,159 0,010 10,873 0,966
10,993 11,671 7,633 169,043 6,143 0,010 10,989 0,951
11,111 11,767 9,605 197,234 6,126 0,010 11,105 0,933
11,230 11,886 11,913 230,794 6,107 0,010 11,223 0,914
11,350 12,032 14,620 270,661 6,085 0,010 11,341 0,891
11,472 12,210 17,798 317,806 6,061 0,010 11,460 0,866
11,597 12,426 21,529 373,066 6,035 0,010 11,581 0,837
11,723 12,684 25,897 436,859 6,005 0,010 11,704 0,804
11,853 12,994 30,983 508,608 5,971 0,010 11,828 0,766
11,987 13,363 36,841 585,752 5,933 0,010 11,954 0,723
12,125 13,797 43,461 662,058 5,891 0,010 12,083 0,673
12,268 14,304 50,712 725,025 5,842 0,010 12,214 0,615
12,417 14,887 58,235 752,284 5,788 0,010 12,347 0,548
12,572 15,540 65,312 707,758 5,726 0,010 12,481 0,470
12,735 16,247 70,714 540,161 5,657 0,010 12,616 0,379
12,905 16,973 72,612 189,809 5,580 0,010 12,750 0,275
13,081 17,661 68,737 -387,482 5,496 0,010 12,879 0,155
13,263 18,230 56,986 -1175,096 5,406 0,010 13,002 0,020
13,449 18,596 36,523 -2046,321 5,312 0,010 13,114 -0,128
13,636 18,685 8,905 -2761,790 5,216 0,010 13,212 -0,287
13,821 18,467 -21,721 -3062,628 5,121 0,010 13,294 -0,453
14,001 17,968 -49,972 -2825,107 5,031 0,010 13,358 -0,621
14,173 17,253 -71,443 -2147,073 4,946 0,010 13,404 -0,787
14,337 16,411 -84,235 -1279,171 4,868 0,010 13,436 -0,948
14,492 15,522 -88,941 -470,633 4,798 0,010 13,455 -1,102
14,639 14,646 -87,580 136,096 4,735 0,010 13,463 -1,248
14,777 13,821 -82,450 513,028 4,679 0,010 13,462 -1,387
14,908 13,067 -75,452 699,774 4,630 0,010 13,454 -1,517
15,032 12,388 -67,892 756,005 4,586 0,010 13,441 -1,640
15,149 11,782 -60,544 734,823 4,547 0,010 13,424 -1,757
15,262 11,244 -53,801 674,306 4,513 0,010 13,404 -1,867
15,370 10,766 -47,817 598,364 4,482 0,010 13,381 -1,973
15,473 10,340 -42,612 520,527 4,454 0,010 13,356 -2,073
15,573 9,959 -38,136 447,635 4,429 0,010 13,329 -2,169
15,669 9,616 -34,310 382,586 4,407 0,010 13,301 -2,261
15,762 9,305 -31,049 326,122 4,386 0,010 13,272 -2,349
15,852 9,022 -28,270 277,896 4,368 0,010 13,243 -2,435
15,940 8,763 -25,899 237,086 4,351 0,010 13,212 -2,517
16,025 8,525 -23,871 202,722 4,336 0,010 13,182 -2,596
16,108 8,303 -22,133 173,837 4,322 0,010 13,150 -2,673
16,189 8,097 -20,637 149,565 4,309 0,010 13,119 -2,748
16,268 7,904 -19,346 129,140 4,297 0,010 13,088 -2,820
16,345 7,721 -18,227 111,916 4,286 0,010 13,056 -2,891
16,421 7,549 -17,253 97,352 4,275 0,010 13,024 -2,959
16,494 7,385 -16,403 85,003 4,266 0,010 12,993 -3,026
16,567 7,228 -15,658 74,491 4,257 0,010 12,961 -3,091
16,638 7,078 -15,003 65,517 4,249 0,010 12,930 -3,155
16,707 6,934 -14,425 57,826 4,242 0,010 12,899 -3,217
16,775 6,795 -13,913 51,215 4,235 0,010 12,868 -3,277
16,841 6,660 -13,458 45,509 4,228 0,010 12,837 -3,336
16,907 6,530 -13,052 40,570 4,222 0,010 12,806 -3,394
16,971 6,403 -12,689 36,279 4,216 0,010 12,776 -3,450
17,034 6,279 -12,364 32,540 4,211 0,010 12,746 -3,505
17,095 6,158 -12,071 29,271 4,206 0,010 12,716 -3,559
17,156 6,040 -11,807 26,405 4,201 0,010 12,687 -3,612
17,215 5,925 -11,568 23,886 4,197 0,010 12,658 -3,664
17,273 5,811 -11,352 21,663 4,192 0,010 12,629 -3,714
17,330 5,700 -11,155 19,698 4,189 0,010 12,600 -3,763
17,386 5,590 -10,975 17,957 4,185 0,010 12,572 -3,812
17,441 5,482 -10,811 16,409 4,181 0,010 12,545 -3,859
17,494 5,375 -10,661 15,029 4,178 0,010 12,517 -3,905
17,547 5,270 -10,523 13,800 4,175 0,010 12,491 -3,951
17,599 5,166 -10,396 12,698 4,172 0,010 12,464 -3,995
17,649 5,063 -10,279 11,710 4,170 0,010 12,438 -4,038
17,699 4,961 -10,170 10,824 4,167 0,010 12,412 -4,081
17,748 4,861 -10,070 10,025 4,165 0,010 12,387 -4,122
17,795 4,761 -9,977 9,305 4,163 0,010 12,362 -4,163
17,842 4,662 -9,891 8,655 4,161 0,010 12,338 -4,203
17,887 4,564 -9,810 8,066 4,159 0,010 12,314 -4,242
17,932 4,467 -9,735 7,533 4,157 0,010 12,290 -4,280
17,976 4,370 -9,664 7,049 4,155 0,010 12,267 -4,317
18,019 4,274 -9,598 6,608 4,153 0,010 12,245 -4,353
18,060 4,179 -9,536 6,207 4,152 0,010 12,222 -4,388
18,101 4,084 -9,477 5,842 4,151 0,010 12,201 -4,423
18,141 3,990 -9,422 5,507 4,149 0,010 12,179 -4,457
18,180 3,896 -9,370 5,201 4,148 0,010 12,159 -4,490
18,218 3,803 -9,321 4,921 4,147 0,010 12,138 -4,522
18,255 3,710 -9,275 4,664 4,146 0,010 12,118 -4,553
18,291 3,618 -9,230 4,427 4,145 0,010 12,099 -4,584
18,327 3,526 -9,188 4,209 4,144 0,010 12,080 -4,613
18,361 3,434 -9,148 4,007 4,143 0,010 12,061 -4,642
18,394 3,343 -9,110 3,821 4,142 0,010 12,043 -4,670
18,427 3,252 -9,073 3,648 4,142 0,010 12,026 -4,698
18,458 3,162 -9,039 3,488 4,141 0,010 12,009 -4,724
18,489 3,072 -9,005 3,338 4,140 0,010 11,992 -4,750
18,519 2,982 -8,973 3,198 4,140 0,010 11,976 -4,775
18,548 2,893 -8,943 3,067 4,139 0,010 11,960 -4,800
18,576 2,804 -8,913 2,943 4,139 0,010 11,945 -4,823
18,603 2,715 -8,885 2,827 4,138 0,010 11,930 -4,846
18,629 2,626 -8,858 2,717 4,138 0,010 11,916 -4,868
18,655 2,538 -8,832 2,611 4,138 0,010 11,902 -4,889
18,679 2,450 -8,806 2,511 4,137 0,010 11,889 -4,910
18,703 2,362 -8,782 2,415 4,137 0,010 11,876 -4,930
18,726 2,275 -8,759 2,322 4,137 0,010 11,864 -4,949
18,748 2,187 -8,737 2,232 4,136 0,010 11,852 -4,967
18,769 2,100 -8,715 2,145 4,136 0,010 11,840 -4,985
18,789 2,013 -8,695 2,060 4,136 0,010 11,829 -5,002
18,808 1,926 -8,675 1,976 4,136 0,010 11,819 -5,018
18,826 1,840 -8,656 1,894 4,136 0,010 11,809 -5,033
18,844 1,753 -8,638 1,813 4,136 0,010 11,799 -5,048
18,861 1,667 -8,621 1,733 4,135 0,010 11,790 -5,062
18,876 1,581 -8,604 1,653 4,135 0,010 11,782 -5,075
18,891 1,495 -8,588 1,573 4,135 0,010 11,773 -5,088
18,905 1,410 -8,573 1,493 4,135 0,010 11,766 -5,099
18,919 1,324 -8,559 1,413 4,135 0,010 11,759 -5,111
18,931 1,238 -8,546 1,332 4,135 0,010 11,752 -5,121
18,943 1,153 -8,533 1,252 4,135 0,010 11,745 -5,131
18,953 1,068 -8,522 1,170 4,135 0,010 11,740 -5,140
18,963 0,983 -8,511 1,088 4,135 0,010 11,734 -5,148
18,972 0,898 -8,501 1,006 4,135 0,010 11,729 -5,155
18,980 0,813 -8,492 0,922 4,135 0,010 11,725 -5,162
18,987 0,728 -8,483 0,838 4,135 0,010 11,721 -5,168
18,994 0,646 -8,254 22,924 4,135 0,010 11,717 -5,174
19,000 0,568 -7,777 47,677 4,135 0,010 11,714 -5,178
19,005 0,495 -7,275 50,250 4,135 0,010 11,712 -5,183
19,009 0,427 -6,773 50,142 4,135 0,010 11,709 -5,186
19,012 0,365 -6,273 50,049 4,135 0,010 11,707 -5,189
19,016 0,307 -5,773 49,968 4,135 0,010 11,706 -5,192
19,018 0,254 -5,274 49,900 4,135 0,010 11,704 -5,194
19,020 0,206 -4,776 49,842 4,135 0,010 11,703 -5,196
19,022 0,164 -4,278 49,795 4,135 0,010 11,702 -5,197
19,023 0,126 -3,780 49,757 4,135 0,010 11,702 -5,198
19,024 0,093 -3,283 49,727 4,135 0,010 11,701 -5,199
19,025 0,065 -2,786 49,705 4,135 0,010 11,701 -5,199
19,025 0,042 -2,289 49,688 4,135 0,010 11,700 -5,200
19,025 0,024 -1,792 49,677 4,135 0,010 11,700 -5,200
19,025 0,011 -1,295 49,670 4,135 0,010 11,700 -5,200
19,025 0,003 -0,799 49,667 4,135 0,010 11,700 -5,200
19,025 0,000 -0,302 49,665 4,135 0,010 11,700 -5,200
19,025 0,000 -0,027 27,523 4,135 0,010 11,700 -5,200
0,000 0,005 0,497 49,665 0,000 0,010 0,000 -1,063
0,000 0,010 0,497 -0,000 0,000 0,010 0,000 -1,063
0,000 0,022 1,242 74,497 0,000 0,010 0,000 -1,063
0,001 0,040 1,738 49,665 0,000 0,010 0,001 -1,063
0,001 0,062 2,235 49,665 0,000 0,010 0,001 -1,063
0,002 0,089 2,732 49,665 0,000 0,010 0,002 -1,063
0,003 0,122 3,228 49,665 0,000 0,010 0,003 -1,063
0,005 0,159 3,725 49,665 0,000 0,010 0,005 -1,063
0,007 0,201 4,222 49,665 0,000 0,010 0,007 -1,063
0,010 0,248 4,718 49,665 0,000 0,010 0,010 -1,063
0,013 0,300 5,215 49,665 0,000 0,010 0,013 -1,063
0,016 0,358 5,711 49,665 0,000 0,010 0,016 -1,063
0,020 0,420 6,208 49,665 0,000 0,010 0,020 -1,063
0,025 0,487 6,705 49,665 0,000 0,010 0,025 -1,063
0,031 0,559 7,201 49,665 0,000 0,010 0,031 -1,063
0,037 0,636 7,698 49,665 0,000 0,010 0,037 -1,063
0,044 0,718 8,195 49,665 0,000 0,010 0,044 -1,063
0,052 0,802 8,443 24,832 0,000 0,010 0,052 -1,063
0,061 0,887 8,443 -0,000 0,000 0,010 0,061 -1,063
0,071 0,971 8,443 0,000 0,000 0,010 0,071 -1,063
0,081 1,055 8,443 -0,000 0,000 0,010 0,081 -1,063
0,093 1,140 8,443 0,000 0,000 0,010 0,093 -1,063
0,105 1,224 8,443 -0,000 0,000 0,010 0,105 -1,063
0,118 1,309 8,443 -0,000 0,000 0,010 0,118 -1,063
0,132 1,393 8,443 0,000 0,000 0,010 0,132 -1,063
0,147 1,478 8,443 0,000 0,000 0,010 0,147 -1,063
0,163 1,562 8,443 0,000 0,000 0,010 0,163 -1,063
0,179 1,646 8,443 -0,000 0,000 0,010 0,179 -1,063
0,196 1,731 8,443 -0,000 0,000 0,010 0,196 -1,063
0,214 1,815 8,443 0,000 0,000 0,010 0,214 -1,063
0,233 1,900 8,443 0,000 0,000 0,010 0,233 -1,063
0,253 1,984 8,443 -0,000 0,000 0,010 0,253 -1,063
0,274 2,069 8,443 -0,000 0,000 0,010 0,274 -1,063
0,296 2,153 8,443 0,000 0,000 0,010 0,296 -1,063
0,318 2,237 8,443 -0,000 0,000 0,010 0,318 -1,063
0,341 2,322 8,443 0,000 0,000 0,010 0,341 -1,063
0,365 2,406 8,443 -0,000 0,000 0,010 0,365 -1,063
0,390 2,491 8,443 0,000 0,000 0,010 0,390 -1,063
0,416 2,575 8,443 0,000 0,000 0,010 0,416 -1,063
0,442 2,660 8,443 -0,000 0,000 0,010 0,442 -1,063
0,470 2,744 8,443 0,000 0,000 0,010 0,470 -1,063
0,498 2,828 8,443 0,000 0,000 0,010 0,498 -1,063
0,527 2,913 8,443 0,000 0,000 0,010 0,527 -1,063
0,557 2,997 8,443 -0,000 0,000 0,010 0,557 -1,063
0,588 3,082 8,443 -0,000 0,000 0,010 0,588 -1,063
0,620 3,166 8,443 0,000 0,000 0,010 0,620 -1,063
0,652 3,251 8,443 -0,000 0,000 0,010 0,652 -1,063
0,686 3,335 8,443 0,000 0,000 0,010 0,686 -1,063
0,720 3,419 8,443 -0,000 0,000 0,010 0,720 -1,063
0,755 3,504 8,443 0,000 0,000 0,010 0,755 -1,063
0,791 3,588 8,443 0,000 0,000 0,010 0,791 -1,063
0,827 3,673 8,443 0,000 0,000 0,010 0,827 -1,063
0,865 3,757 8,443 0,000 0,000 0,010 0,865 -1,063
0,903 3,842 8,443 0,000 0,000 0,010 0,903 -1,063
0,943 3,926 8,443 -0,000 0,000 0,010 0,943 -1,063
0,983 4,010 8,443 -0,000 0,000 0,010 0,983 -1,063
1,024 4,095 8,443 -0,000 0,000 0,010 1,024 -1,063
1,066 4,179 8,443 0,000 0,000 0,010 1,066 -1,063
1,108 4,264 8,443 0,000 0,000 0,010 1,108 -1,063
1,152 4,348 8,443 -0,000 0,000 0,010 1,152 -1,063
1,196 4,433 8,443 0,000 0,000 0,010 1,196 -1,063
1,241 4,517 8,443 0,000 0,000 0,010 1,241 -1,063
1,287 4,601 8,443 0,000 0,000 0,010 1,287 -1,063
1,334 4,686 8,443 -0,000 0,000 0,010 1,334 -1,063
1,382 4,770 8,443 0,000 0,000 0,010 1,382 -1,063
1,430 4,855 8,443 -0,000 0,000 0,010 1,430 -1,063
1,480 4,939 8,443 0,000 0,000 0,010 1,480 -1,063
1,530 5,024 8,443 -0,000 0,000 0,010 1,530 -1,063
1,581 5,108 8,443 0,000 0,000 0,010 1,581 -1,063
1,633 5,192 8,443 -0,000 0,000 0,010 1,633 -1,063
1,686 5,277 8,443 0,000 0,000 0,010 1,686 -1,063
1,739 5,361 8,443 0,000 0,000 0,010 1,739 -1,063
1,794 5,446 8,443 0,000 0,000 0,010 1,794 -1,063
1,849 5,530 8,443 0,000 0,000 0,010 1,849 -1,063
1,905 5,615 8,443 -0,000 0,000 0,010 1,905 -1,063
1,962 5,699 8,443 0,000 0,000 0,010 1,962 -1,063
2,020 5,783 8,443 -0,000 0,000 0,010 2,020 -1,063
2,079 5,868 8,443 0,000 0,000 0,010 2,079 -1,063
2,138 5,952 8,443 -0,000 0,000 0,010 2,138 -1,063
2,199 6,037 8,443 0,000 0,000 0,010 2,199 -1,063
2,260 6,121 8,443 -0,000 0,000 0,010 2,260 -1,063
2,322 6,206 8,443 0,000 0,000 0,010 2,322 -1,063
2,385 6,290 8,443 -0,000 0,000 0,010 2,385 -1,063
2,448 6,374 8,443 0,000 0,000 0,010 2,448 -1,063
2,513 6,459 8,443 -0,000 0,000 0,010 2,513 -1,063
2,578 6,543 8,443 0,000 0,000 0,010 2,578 -1,063
2,645 6,628 8,443 -0,000 0,000 0,010 2,645 -1,063
2,712 6,712 8,443 0,000 0,000 0,010 2,712 -1,063
2,780 6,797 8,443 0,000 0,000 0,010 2,780 -1,063
2,849 6,881 8,443 -0,000 0,000 0,010 2,849 -1,063
2,918 6,965 8,443 0,000 0,000 0,010 2,918 -1,063
2,989 7,050 8,443 0,000 0,000 0,010 2,989 -1,063
3,060 7,134 8,443 -0,000 0,000 0,010 3,060 -1,063
3,132 7,219 8,443 0,000 0,000 0,010 3,132 -1,063
3,205 7,303 8,443 -0,000 0,000 0,010 3,205 -1,063
3,279 7,388 8,443 0,000 0,000 0,010 3,279 -1,063
3,354 7,472 8,443 -0,000 0,000 0,010 3,354 -1,063
3,430 7,556 8,443 -0,000 0,000 0,010 3,430 -1,063
3,506 7,641 8,443 0,000 0,000 0,010 3,506 -1,063
3,583 7,725 8,443 0,000 0,000 0,010 3,583 -1,063
3,661 7,810 8,443 -0,000 0,000 0,010 3,661 -1,063
3,740 7,894 8,443 0,000 0,000 0,010 3,740 -1,063
3,820 7,979 8,443 0,000 0,000 0,010 3,820 -1,063
3,901 8,063 8,443 0,000 0,000 0,010 3,901 -1,063
3,982 8,148 8,443 0,000 0,000 0,010 3,982 -1,063
4,064 8,232 8,443 -0,000 0,000 0,010 4,064 -1,063
4,148 8,316 8,443 -0,000 0,000 0,010 4,148 -1,063
4,232 8,401 8,443 0,000 0,000 0,010 4,232 -1,063
4,316 8,485 8,443 -0,000 0,000 0,010 4,316 -1,063
4,402 8,570 8,443 0,000 0,000 0,010 4,402 -1,063
4,489 8,654 8,443 -0,000 0,000 0,010 4,489 -1,063
4,576 8,739 8,443 0,000 0,000 0,010 4,576 -1,063
4,664 8,823 8,443 -0,000 0,000 0,010 4,664 -1,063
4,753 8,907 8,443 0,000 0,000 0,010 4,753 -1,063
4,843 8,992 8,443 0,000 0,000 0,010 4,843 -1,063
4,934 9,076 8,443 0,000 0,000 0,010 4,934 -1,063
5,026 9,161 8,443 -0,000 0,000 0,010 5,026 -1,063
5,118 9,245 8,443 0,000 0,000 0,010 5,118 -1,063
5,211 9,330 8,443 -0,000 0,000 0,010 5,211 -1,063
5,306 9,414 8,443 0,000 0,000 0,010 5,306 -1,063
5,401 9,498 8,443 -0,000 0,000 0,010 5,401 -1,063
5,496 9,583 8,443 -0,000 0,000 0,010 5,496 -1,063
5,593 9,667 8,443 0,000 0,000 0,010 5,593 -1,063
5,691 9,752 8,443 -0,000 0,000 0,010 5,691 -1,063
5,789 9,836 8,443 0,000 0,000 0,010 5,789 -1,063
5,888 9,921 8,443 -0,000 0,000 0,010 5,888 -1,063
5,988 10,005 8,443 0,000 0,000 0,010 5,988 -1,063
6,089 10,089 8,443 0,000 0,000 0,010 6,089 -1,063
6,191 10,174 8,443 -0,000 0,000 0,010 6,191 -1,063
6,293 10,258 8,443 0,000 0,000 0,010 6,293 -1,063
6,397 10,343 8,443 0,000 0,000 0,010 6,397 -1,063
6,501 10,427 8,443 -0,000 0,000 0,010 6,501 -1,063
6,606 10,512 8,443 -0,000 0,000 0,010 6,606 -1,063
6,712 10,593 8,195 -24,832 0,000 0,010 6,712 -1,063
6,819 10,670 7,698 -49,665 0,000 0,010 6,819 -1,063
6,926 10,742 7,201 -49,665 0,000 0,010 6,926 -1,063
7,034 10,810 6,705 -49,665 0,000 0,010 7,034 -1,063
7,143 10,872 6,208 -49,665 0,000 0,010 7,143 -1,063
7,252 10,929 5,711 -49,665 0,000 0,010 7,252 -1,063
7,362 10,981 5,215 -49,665 0,000 0,010 7,362 -1,063
7,472 11,028 4,718 -49,665 0,000 0,010 7,472 -1,063
7,583 11,070 4,222 -49,665 0,000 0,010 7,583 -1,063
7,694 11,108 3,725 -49,665 0,000 0,010 7,694 -1,063
7,806 11,140 3,228 -49,711 6,283 0,010 7,806 -1,063
7,917 11,164 2,466 -76,167 6,283 0,010 7,917 -1,063
8,029 11,179 1,499 -96,705 6,283 0,010 8,029 -1,063
8,141 11,186 0,647 -85,184 6,283 0,010 8,141 -1,063
8,253 11,184 -0,196 -84,350 6,283 0,010 8,253 -1,063
8,365 11,174 -1,032 -83,562 6,282 0,010 8,365 -1,063
8,476 11,153 -2,080 -104,850 6,281 0,010 8,476 -1,063
8,587 11,122 -3,122 -104,112 6,280 0,010 8,587 -1,063
8,698 11,082 -3,938 -81,643 6,279 0,010 8,698 -1,063
8,808 11,035 -4,753 -81,468 6,278 0,010 8,808 -1,064
8,918 10,979 -5,568 -81,569 6,276 0,010 8,918 -1,065
9,027 10,915 -6,388 -81,979 6,274 0,010 9,027 -1,066
9,136 10,843 -7,215 -82,733 6,271 0,010 9,136 -1,067
9,243 10,762 -8,054 -83,866 6,268 0,010 9,243 -1,068
9,350 10,673 -8,908 -85,417 6,265 0,010 9,350 -1,070
9,456 10,576 -9,783 -87,429 6,261 0,010 9,456 -1,072
9,561 10,469 -10,682 -89,951 6,257 0,010 9,561 -1,075
9,664 10,353 -11,612 -93,040 6,252 0,010 9,664 -1,078
9,766 10,227 -12,580 -96,761 6,246 0,010 9,766 -1,081
9,867 10,091 -13,592 -101,196 6,240 0,010 9,867 -1,085
9,967 9,944 -14,656 -106,437 6,233 0,010 9,966 -1,090
10,065 9,786 -15,782 -112,596 6,225 0,010 10,064 -1,095
10,161 9,617 -16,980 -119,806 6,217 0,010 10,160 -1,101
10,255 9,436 -18,064 -108,317 6,208 0,010 10,254 -1,108
10,348 9,246 -19,035 -97,112 6,197 0,010 10,346 -1,115
10,438 9,044 -20,122 -108,759 6,186 0,010 10,436 -1,123
10,526 8,831 -21,377 -125,511 6,173 0,010 10,524 -1,132
10,612 8,602 -22,832 -145,420 6,159 0,010 10,610 -1,143
10,696 8,357 -24,523 -169,109 6,143 0,010 10,693 -1,154
10,777 8,092 -26,496 -197,319 6,126 0,010 10,773 -1,166
10,855 7,804 -28,805 -230,901 6,107 0,010 10,850 -1,178
10,930 7,489 -31,513 -270,800 6,085 0,010 10,923 -1,192
11,001 7,142 -34,693 -317,984 6,061 0,010 10,993 -1,207
11,069 6,758 -38,426 -373,297 6,035 0,010 11,059 -1,223
11,132 6,330 -42,797 -437,158 6,005 0,010 11,120 -1,239
11,191 5,851 -47,887 -508,997 5,971 0,010 11,176 -1,256
11,244 5,314 -53,750 -586,255 5,933 0,010 11,226 -1,274
11,291 4,710 -60,377 -662,703 5,891 0,010 11,270 -1,291
11,331 4,033 -67,635 -725,833 5,842 0,010 11,307 -1,307
11,364 3,282 -75,168 -753,262 5,788 0,010 11,336 -1,322
11,389 2,459 -82,256 -708,863 5,726 0,010 11,358 -1,334
11,404 1,582 -87,669 -541,263 5,657 0,010 11,371 -1,343
11,411 0,687 -89,575 -190,592 5,580 0,010 11,376 -1,347
11,413 0,170 -51,624 3795,088 5,496 0,010 11,375 -1,346
11,422 0,910 73,937 12556,068 5,406 0,010 11,369 -1,339
11,437 1,444 53,458 -2047,834 5,312 0,010 11,360 -1,327
11,454 1,702 25,806 -2765,177 5,216 0,010 11,351 -1,313
11,470 1,654 -4,859 -3066,502 5,121 0,010 11,344 -1,298
11,483 1,322 -33,143 -2828,435 5,031 0,010 11,339 -1,286
11,491 0,776 -54,634 -2149,104 4,946 0,010 11,337 -1,278
11,492 0,102 -67,424 -1278,990 4,868 0,010 11,337 -1,277
11,498 0,620 51,771 11919,433 4,798 0,010 11,337 -1,283
11,512 1,327 70,763 1899,214 4,735 0,010 11,338 -1,297
11,531 1,983 65,621 -514,188 4,679 0,010 11,338 -1,317
11,557 2,570 58,611 -700,930 4,630 0,010 11,337 -1,342
11,588 3,080 51,041 -757,005 4,586 0,010 11,333 -1,373
11,623 3,517 43,685 -735,635 4,547 0,010 11,328 -1,408
11,662 3,886 36,936 -674,939 4,513 0,010 11,321 -1,446
11,704 4,196 30,947 -598,850 4,482 0,010 11,312 -1,487
11,748 4,453 25,738 -520,896 4,454 0,010 11,301 -1,530
11,795 4,666 21,259 -447,914 4,429 0,010 11,289 -1,575
11,843 4,840 17,431 -382,798 4,407 0,010 11,275 -1,621
11,893 4,982 14,168 -326,282 4,386 0,010 11,259 -1,669
11,944 5,095 11,388 -278,018 4,368 0,010 11,242 -1,717
11,996 5,186 9,016 -237,181 4,351 0,010 11,225 -1,765
12,049 5,256 6,988 -202,793 4,336 0,010 11,206 -1,814
12,102 5,308 5,249 -173,895 4,322 0,010 11,186 -1,864
12,155 5,346 3,753 -149,609 4,309 0,010 11,165 -1,913
12,209 5,370 2,462 -129,175 4,297 0,010 11,144 -1,962
12,263 5,384 1,342 -111,944 4,286 0,010 11,122 -2,011
12,317 5,387 0,368 -97,376 4,275 0,010 11,099 -2,060
12,370 5,382 -0,482 -85,019 4,266 0,010 11,076 -2,109
12,424 5,370 -1,227 -74,506 4,257 0,010 11,053 -2,157
12,478 5,351 -1,882 -65,528 4,249 0,010 11,029 -2,205
12,531 5,327 -2,461 -57,837 4,242 0,010 11,005 -2,253
12,584 5,297 -2,973 -51,222 4,235 0,010 10,981 -2,300
12,637 5,263 -3,428 -45,516 4,228 0,010 10,956 -2,347
12,689 5,224 -3,834 -40,575 4,222 0,010 10,932 -2,393
12,741 5,182 -4,196 -36,284 4,216 0,010 10,907 -2,438
12,792 5,137 -4,522 -32,543 4,211 0,010 10,883 -2,483
12,843 5,089 -4,815 -29,274 4,206 0,010 10,858 -2,528
12,893 5,038 -5,079 -26,408 4,201 0,010 10,834 -2,572
12,943 4,985 -5,318 -23,887 4,197 0,010 10,809 -2,615
12,992 4,930 -5,534 -21,665 4,192 0,010 10,785 -2,658
13,041 4,872 -5,731 -19,700 4,189 0,010 10,760 -2,700
13,089 4,813 -5,911 -17,958 4,185 0,010 10,736 -2,742
13,137 4,753 -6,075 -16,410 4,181 0,010 10,712 -2,783
13,184 4,690 -6,225 -15,031 4,178 0,010 10,688 -2,824
13,230 4,627 -6,363 -13,800 4,175 0,010 10,665 -2,863
13,276 4,562 -6,490 -12,699 4,172 0,010 10,641 -2,902
13,321 4,496 -6,607 -11,711 4,170 0,010 10,618 -2,941
13,365 4,429 -6,716 -10,824 4,167 0,010 10,595 -2,979
13,408 4,360 -6,816 -10,026 4,165 0,010 10,573 -3,016
13,451 4,291 -6,909 -9,305 4,163 0,010 10,550 -3,053
13,494 4,221 -6,995 -8,655 4,161 0,010 10,528 -3,089
13,535 4,151 -7,076 -8,067 4,159 0,010 10,506 -3,124
13,576 4,079 -7,151 -7,533 4,157 0,010 10,485 -3,159
13,616 4,007 -7,222 -7,049 4,155 0,010 10,464 -3,193
13,655 3,934 -7,288 -6,609 4,153 0,010 10,443 -3,226
13,694 3,861 -7,350 -6,207 4,152 0,010 10,422 -3,259
13,732 3,786 -7,409 -5,842 4,151 0,010 10,402 -3,291
13,769 3,712 -7,464 -5,507 4,149 0,010 10,383 -3,322
13,805 3,637 -7,516 -5,201 4,148 0,010 10,363 -3,353
13,841 3,561 -7,565 -4,921 4,147 0,010 10,344 -3,383
13,876 3,485 -7,611 -4,664 4,146 0,010 10,325 -3,413
13,910 3,408 -7,656 -4,427 4,145 0,010 10,307 -3,441
13,943 3,331 -7,698 -4,209 4,144 0,010 10,289 -3,469
13,976 3,254 -7,738 -4,008 4,143 0,010 10,272 -3,497
14,007 3,176 -7,776 -3,821 4,142 0,010 10,254 -3,524
14,038 3,098 -7,813 -3,648 4,142 0,010 10,238 -3,550
14,069 3,020 -7,847 -3,488 4,141 0,010 10,221 -3,575
14,098 2,941 -7,881 -3,338 4,140 0,010 10,205 -3,600
14,127 2,862 -7,913 -3,198 4,140 0,010 10,190 -3,624
14,154 2,782 -7,943 -3,067 4,139 0,010 10,175 -3,647
14,181 2,702 -7,973 -2,943 4,139 0,010 10,160 -3,670
14,208 2,622 -8,001 -2,827 4,138 0,010 10,146 -3,692
14,233 2,542 -8,028 -2,716 4,138 0,010 10,132 -3,713
14,258 2,462 -8,054 -2,612 4,138 0,010 10,119 -3,734
14,281 2,381 -8,080 -2,511 4,137 0,010 10,106 -3,754
14,304 2,300 -8,104 -2,415 4,137 0,010 10,093 -3,773
14,327 2,219 -8,127 -2,322 4,137 0,010 10,081 -3,792
14,348 2,137 -8,149 -2,232 4,136 0,010 10,070 -3,810
14,369 2,055 -8,171 -2,145 4,136 0,010 10,058 -3,827
14,388 1,973 -8,191 -2,060 4,136 0,010 10,048 -3,844
14,407 1,891 -8,211 -1,976 4,136 0,010 10,037 -3,859
14,425 1,809 -8,230 -1,894 4,136 0,010 10,028 -3,875
14,443 1,727 -8,248 -1,813 4,136 0,010 10,018 -3,889
14,459 1,644 -8,265 -1,733 4,135 0,010 10,009 -3,903
14,475 1,561 -8,282 -1,653 4,135 0,010 10,001 -3,916
14,489 1,478 -8,298 -1,573 4,135 0,010 9,993 -3,928
14,503 1,395 -8,313 -1,493 4,135 0,010 9,985 -3,940
14,516 1,312 -8,327 -1,413 4,135 0,010 9,978 -3,951
14,529 1,228 -8,340 -1,332 4,135 0,010 9,971 -3,961
14,540 1,145 -8,353 -1,252 4,135 0,010 9,965 -3,971
14,551 1,061 -8,364 -1,170 4,135 0,010 9,959 -3,980
14,561 0,977 -8,375 -1,088 4,135 0,010 9,954 -3,988
14,570 0,894 -8,385 -1,005 4,135 0,010 9,949 -3,995
14,578 0,810 -8,394 -0,922 4,135 0,010 9,944 -4,002
14,585 0,726 -8,403 -0,838 4,135 0,010 9,940 -4,008
14,591 0,644 -8,189 21,360 4,135 0,010 9,937 -4,014
14,597 0,566 -7,727 46,272 4,135 0,010 9,934 -4,018
14,602 0,494 -7,236 49,080 4,135 0,010 9,931 -4,023
14,606 0,427 -6,744 49,187 4,135 0,010 9,929 -4,026
14,610 0,364 -6,251 49,281 4,135 0,010 9,927 -4,029
14,613 0,307 -5,757 49,361 4,135 0,010 9,925 -4,032
14,615 0,254 -5,263 49,430 4,135 0,010 9,924 -4,034
14,617 0,206 -4,768 49,487 4,135 0,010 9,923 -4,036
14,619 0,163 -4,273 49,535 4,135 0,010 9,922 -4,037
14,620 0,126 -3,777 49,573 4,135 0,010 9,921 -4,038
14,621 0,093 -3,281 49,603 4,135 0,010 9,921 -4,039
14,622 0,065 -2,785 49,625 4,135 0,010 9,920 -4,039
14,622 0,042 -2,289 49,641 4,135 0,010 9,920 -4,040
14,623 0,024 -1,792 49,652 4,135 0,010 9,920 -4,040
14,623 0,011 -1,295 49,659 4,135 0,010 9,920 -4,040
14,623 0,003 -0,799 49,663 4,135 0,010 9,920 -4,040
14,623 0,000 -0,302 49,664 4,135 0,010 9,920 -4,040
14,623 0,000 -0,027 27,522 4,135 0,010 9,920 -4,040
