Straight
286
0.000 0.006 0.583 58.341 0.000 0.010 0.000 1.125
0.000 0.012 0.583 -0.000 0.000 0.010 0.000 1.125
0.000 0.026 1.459 87.511 0.000 0.010 0.000 1.125
0.001 0.047 2.042 58.341 0.000 0.010 0.001 1.125
0.002 0.073 2.625 58.341 0.000 0.010 0.002 1.125
0.003 0.105 3.209 58.341 0.000 0.010 0.003 1.125
0.004 0.143 3.792 58.341 0.000 0.010 0.004 1.125
0.006 0.187 4.376 58.341 0.000 0.010 0.006 1.125
0.008 0.236 4.959 58.341 0.000 0.010 0.008 1.125
0.011 0.289 5.251 29.170 0.000 0.010 0.011 1.125
0.015 0.341 5.251 0.000 0.000 0.010 0.015 1.125
0.019 0.394 5.251 -0.000 0.000 0.010 0.019 1.125
0.023 0.446 5.251 -0.000 0.000 0.010 0.023 1.125
0.028 0.499 5.251 0.000 0.000 0.010 0.028 1.125
0.034 0.551 5.251 0.000 0.000 0.010 0.034 1.125
0.040 0.604 5.251 0.000 0.000 0.010 0.040 1.125
0.046 0.656 5.251 0.000 0.000 0.010 0.046 1.125
0.053 0.709 5.251 -0.000 0.000 0.010 0.053 1.125
0.061 0.761 5.251 0.000 0.000 0.010 0.061 1.125
0.069 0.814 5.251 -0.000 0.000 0.010 0.069 1.125
0.078 0.866 5.251 0.000 0.000 0.010 0.078 1.125
0.087 0.919 5.251 -0.000 0.000 0.010 0.087 1.125
0.097 0.971 5.251 0.000 0.000 0.010 0.097 1.125
0.107 1.024 5.251 -0.000 0.000 0.010 0.107 1.125
0.118 1.076 5.251 -0.000 0.000 0.010 0.118 1.125
0.129 1.129 5.251 0.000 0.000 0.010 0.129 1.125
0.141 1.181 5.251 -0.000 0.000 0.010 0.141 1.125
0.153 1.234 5.251 0.000 0.000 0.010 0.153 1.125
0.166 1.286 5.251 -0.000 0.000 0.010 0.166 1.125
0.179 1.339 5.251 -0.000 0.000 0.010 0.179 1.125
0.193 1.391 5.251 0.000 0.000 0.010 0.193 1.125
0.208 1.444 5.251 -0.000 0.000 0.010 0.208 1.125
0.223 1.496 5.251 0.000 0.000 0.010 0.223 1.125
0.238 1.549 5.251 0.000 0.000 0.010 0.238 1.125
0.254 1.601 5.251 -0.000 0.000 0.010 0.254 1.125
0.271 1.654 5.251 0.000 0.000 0.010 0.271 1.125
0.288 1.706 5.251 -0.000 0.000 0.010 0.288 1.125
0.305 1.759 5.251 0.000 0.000 0.010 0.305 1.125
0.323 1.811 5.251 -0.000 0.000 0.010 0.323 1.125
0.342 1.864 5.251 0.000 0.000 0.010 0.342 1.125
0.361 1.916 5.251 0.000 0.000 0.010 0.361 1.125
0.381 1.969 5.251 0.000 0.000 0.010 0.381 1.125
0.401 2.022 5.251 0.000 0.000 0.010 0.401 1.125
0.422 2.074 5.251 -0.000 0.000 0.010 0.422 1.125
0.443 2.127 5.251 0.000 0.000 0.010 0.443 1.125
0.465 2.179 5.251 -0.000 0.000 0.010 0.465 1.125
0.487 2.232 5.251 0.000 0.000 0.010 0.487 1.125
0.510 2.284 5.251 -0.000 0.000 0.010 0.510 1.125
0.533 2.337 5.251 -0.000 0.000 0.010 0.533 1.125
0.557 2.389 5.251 0.000 0.000 0.010 0.557 1.125
0.582 2.442 5.251 0.000 0.000 0.010 0.582 1.125
0.607 2.494 5.251 -0.000 0.000 0.010 0.607 1.125
0.632 2.547 5.251 0.000 0.000 0.010 0.632 1.125
0.658 2.599 5.251 0.000 0.000 0.010 0.658 1.125
0.685 2.652 5.251 -0.000 0.000 0.010 0.685 1.125
0.712 2.704 5.251 -0.000 0.000 0.010 0.712 1.125
0.739 2.757 5.251 0.000 0.000 0.010 0.739 1.125
0.767 2.809 5.251 0.000 0.000 0.010 0.767 1.125
0.796 2.862 5.251 -0.000 0.000 0.010 0.796 1.125
0.825 2.914 5.251 -0.000 0.000 0.010 0.825 1.125
0.855 2.967 5.251 0.000 0.000 0.010 0.855 1.125
0.885 3.019 5.251 -0.000 0.000 0.010 0.885 1.125
0.916 3.072 5.251 0.000 0.000 0.010 0.916 1.125
0.947 3.124 5.251 -0.000 0.000 0.010 0.947 1.125
0.979 3.177 5.251 0.000 0.000 0.010 0.979 1.125
1.011 3.229 5.251 0.000 0.000 0.010 1.011 1.125
1.044 3.282 5.251 0.000 0.000 0.010 1.044 1.125
1.077 3.334 5.251 -0.000 0.000 0.010 1.077 1.125
1.111 3.387 5.251 0.000 0.000 0.010 1.111 1.125
1.145 3.439 5.251 -0.000 0.000 0.010 1.145 1.125
1.180 3.492 5.251 0.000 0.000 0.010 1.180 1.125
1.216 3.544 5.251 0.000 0.000 0.010 1.216 1.125
1.252 3.597 5.251 -0.000 0.000 0.010 1.252 1.125
1.288 3.649 5.251 -0.000 0.000 0.010 1.288 1.125
1.325 3.702 5.251 0.000 0.000 0.010 1.325 1.125
1.363 3.754 5.251 -0.000 0.000 0.010 1.363 1.125
1.401 3.807 5.251 0.000 0.000 0.010 1.401 1.125
1.439 3.859 5.251 0.000 0.000 0.010 1.439 1.125
1.479 3.912 5.251 -0.000 0.000 0.010 1.479 1.125
1.518 3.964 5.251 0.000 0.000 0.010 1.518 1.125
1.558 4.017 5.251 -0.000 0.000 0.010 1.558 1.125
1.599 4.069 5.251 0.000 0.000 0.010 1.599 1.125
1.640 4.122 5.251 0.000 0.000 0.010 1.640 1.125
1.682 4.174 5.251 0.000 0.000 0.010 1.682 1.125
1.724 4.227 5.251 0.000 0.000 0.010 1.724 1.125
1.767 4.279 5.251 -0.000 0.000 0.010 1.767 1.125
1.810 4.332 5.251 -0.000 0.000 0.010 1.810 1.125
1.854 4.384 5.251 0.000 0.000 0.010 1.854 1.125
1.899 4.437 5.251 -0.000 0.000 0.010 1.899 1.125
1.943 4.489 5.251 0.000 0.000 0.010 1.943 1.125
1.989 4.542 5.251 0.000 0.000 0.010 1.989 1.125
2.035 4.594 5.251 -0.000 0.000 0.010 2.035 1.125
2.081 4.647 5.251 0.000 0.000 0.010 2.081 1.125
2.128 4.699 5.251 0.000 0.000 0.010 2.128 1.125
2.176 4.752 5.251 0.000 0.000 0.010 2.176 1.125
2.224 4.804 5.251 0.000 0.000 0.010 2.224 1.125
2.272 4.857 5.251 -0.000 0.000 0.010 2.272 1.125
2.321 4.909 5.251 0.000 0.000 0.010 2.321 1.125
2.371 4.962 5.251 -0.000 0.000 0.010 2.371 1.125
2.421 5.014 5.251 0.000 0.000 0.010 2.421 1.125
2.472 5.067 5.251 -0.000 0.000 0.010 2.472 1.125
2.523 5.119 5.251 0.000 0.000 0.010 2.523 1.125
2.575 5.172 5.251 0.000 0.000 0.010 2.575 1.125
2.627 5.224 5.251 -0.000 0.000 0.010 2.627 1.125
2.680 5.277 5.251 -0.000 0.000 0.010 2.680 1.125
2.733 5.329 5.251 0.000 0.000 0.010 2.733 1.125
2.787 5.382 5.251 0.000 0.000 0.010 2.787 1.125
2.841 5.434 5.251 -0.000 0.000 0.010 2.841 1.125
2.896 5.487 5.251 0.000 0.000 0.010 2.896 1.125
2.952 5.539 5.251 0.000 0.000 0.010 2.952 1.125
3.007 5.592 5.251 0.000 0.000 0.010 3.007 1.125
3.064 5.644 5.251 -0.000 0.000 0.010 3.064 1.125
3.121 5.697 5.251 0.000 0.000 0.010 3.121 1.125
3.178 5.749 5.251 0.000 0.000 0.010 3.178 1.125
3.236 5.802 5.251 -0.000 0.000 0.010 3.236 1.125
3.295 5.854 5.251 0.000 0.000 0.010 3.295 1.125
3.354 5.907 5.251 -0.000 0.000 0.010 3.354 1.125
3.414 5.960 5.251 0.000 0.000 0.010 3.414 1.125
3.474 6.012 5.251 -0.000 0.000 0.010 3.474 1.125
3.534 6.065 5.251 -0.000 0.000 0.010 3.534 1.125
3.596 6.117 5.251 0.000 0.000 0.010 3.596 1.125
3.657 6.170 5.251 -0.000 0.000 0.010 3.657 1.125
3.719 6.222 5.251 0.000 0.000 0.010 3.719 1.125
3.782 6.275 5.251 -0.000 0.000 0.010 3.782 1.125
3.846 6.327 5.251 -0.000 0.000 0.010 3.846 1.125
3.909 6.380 5.251 0.000 0.000 0.010 3.909 1.125
3.974 6.432 5.251 -0.000 0.000 0.010 3.974 1.125
4.038 6.485 5.251 -0.000 0.000 0.010 4.038 1.125
4.104 6.537 5.251 -0.000 0.000 0.010 4.104 1.125
4.170 6.590 5.251 0.000 0.000 0.010 4.170 1.125
4.236 6.642 5.251 -0.000 0.000 0.010 4.236 1.125
4.303 6.695 5.251 0.000 0.000 0.010 4.303 1.125
4.371 6.747 5.251 0.000 0.000 0.010 4.371 1.125
4.439 6.800 5.251 -0.000 0.000 0.010 4.439 1.125
4.507 6.849 4.959 -29.170 0.000 0.010 4.507 1.125
4.576 6.893 4.376 -58.341 0.000 0.010 4.576 1.125
4.645 6.931 3.792 -58.341 0.000 0.010 4.645 1.125
4.715 6.963 3.209 -58.341 0.000 0.010 4.715 1.125
4.785 6.989 2.625 -58.341 0.000 0.010 4.785 1.125
4.855 7.010 2.042 -58.341 0.000 0.010 4.855 1.125
4.925 7.024 1.459 -58.341 0.000 0.010 4.925 1.125
4.995 7.033 0.875 -58.341 0.000 0.010 4.995 1.125
5.066 7.033 0.037 -83.771 0.000 0.010 5.066 1.125
5.136 7.025 -0.800 -83.771 0.000 0.010 5.136 1.125
5.206 7.012 -1.384 -58.341 0.000 0.010 5.206 1.125
5.276 6.992 -1.967 -58.341 0.000 0.010 5.276 1.125
5.346 6.966 -2.551 -58.341 0.000 0.010 5.346 1.125
5.415 6.935 -3.134 -58.341 0.000 0.010 5.415 1.125
5.484 6.898 -3.717 -58.341 0.000 0.010 5.484 1.125
5.553 6.855 -4.301 -58.341 0.000 0.010 5.553 1.125
5.621 6.806 -4.884 -58.341 0.000 0.010 5.621 1.125
5.688 6.754 -5.213 -32.910 0.000 0.010 5.688 1.125
5.755 6.701 -5.251 -3.740 0.000 0.010 5.755 1.125
5.822 6.649 -5.251 0.000 0.000 0.010 5.822 1.125
5.888 6.596 -5.251 0.000 0.000 0.010 5.888 1.125
5.953 6.544 -5.251 -0.000 0.000 0.010 5.953 1.125
6.018 6.491 -5.251 0.000 0.000 0.010 6.018 1.125
6.082 6.439 -5.251 0.000 0.000 0.010 6.082 1.125
6.146 6.386 -5.251 -0.000 0.000 0.010 6.146 1.125
6.210 6.334 -5.251 0.000 0.000 0.010 6.210 1.125
6.272 6.281 -5.251 -0.000 0.000 0.010 6.272 1.125
6.335 6.229 -5.251 0.000 0.000 0.010 6.335 1.125
6.397 6.176 -5.251 -0.000 0.000 0.010 6.397 1.125
6.458 6.124 -5.251 0.000 0.000 0.010 6.458 1.125
6.518 6.071 -5.251 -0.000 0.000 0.010 6.518 1.125
6.579 6.019 -5.251 0.000 0.000 0.010 6.579 1.125
6.638 5.966 -5.251 0.000 0.000 0.010 6.638 1.125
6.697 5.914 -5.251 -0.000 0.000 0.010 6.697 1.125
6.756 5.861 -5.251 0.000 0.000 0.010 6.756 1.125
6.814 5.809 -5.251 -0.000 0.000 0.010 6.814 1.125
6.872 5.756 -5.251 0.000 0.000 0.010 6.872 1.125
6.929 5.704 -5.251 -0.000 0.000 0.010 6.929 1.125
6.985 5.651 -5.251 0.000 0.000 0.010 6.985 1.125
7.041 5.599 -5.251 0.000 0.000 0.010 7.041 1.125
7.097 5.546 -5.251 -0.000 0.000 0.010 7.097 1.125
7.152 5.494 -5.251 0.000 0.000 0.010 7.152 1.125
7.206 5.441 -5.251 -0.000 0.000 0.010 7.206 1.125
7.260 5.389 -5.251 0.000 0.000 0.010 7.260 1.125
7.313 5.336 -5.251 -0.000 0.000 0.010 7.313 1.125
7.366 5.284 -5.251 0.000 0.000 0.010 7.366 1.125
7.418 5.231 -5.251 -0.000 0.000 0.010 7.418 1.125
7.470 5.179 -5.251 0.000 0.000 0.010 7.470 1.125
7.522 5.126 -5.251 0.000 0.000 0.010 7.522 1.125
7.572 5.074 -5.251 -0.000 0.000 0.010 7.572 1.125
7.622 5.021 -5.251 0.000 0.000 0.010 7.622 1.125
7.672 4.969 -5.251 -0.000 0.000 0.010 7.672 1.125
7.721 4.916 -5.251 -0.000 0.000 0.010 7.721 1.125
7.770 4.864 -5.251 0.000 0.000 0.010 7.770 1.125
7.818 4.811 -5.251 0.000 0.000 0.010 7.818 1.125
7.866 4.759 -5.251 0.000 0.000 0.010 7.866 1.125
7.913 4.706 -5.251 0.000 0.000 0.010 7.913 1.125
7.959 4.654 -5.251 -0.000 0.000 0.010 7.959 1.125
8.005 4.601 -5.251 0.000 0.000 0.010 8.005 1.125
8.051 4.549 -5.251 0.000 0.000 0.010 8.051 1.125
8.096 4.496 -5.251 -0.000 0.000 0.010 8.096 1.125
8.140 4.444 -5.251 0.000 0.000 0.010 8.140 1.125
8.184 4.391 -5.251 0.000 0.000 0.010 8.184 1.125
8.227 4.339 -5.251 0.000 0.000 0.010 8.227 1.125
8.270 4.286 -5.251 -0.000 0.000 0.010 8.270 1.125
8.313 4.234 -5.251 -0.000 0.000 0.010 8.313 1.125
8.354 4.181 -5.251 0.000 0.000 0.010 8.354 1.125
8.396 4.129 -5.251 -0.000 0.000 0.010 8.396 1.125
8.436 4.076 -5.251 0.000 0.000 0.010 8.436 1.125
8.477 4.023 -5.251 -0.000 0.000 0.010 8.477 1.125
8.516 3.971 -5.251 0.000 0.000 0.010 8.516 1.125
8.556 3.918 -5.251 0.000 0.000 0.010 8.556 1.125
8.594 3.866 -5.251 -0.000 0.000 0.010 8.594 1.125
8.632 3.813 -5.251 0.000 0.000 0.010 8.632 1.125
8.670 3.761 -5.251 -0.000 0.000 0.010 8.670 1.125
8.707 3.708 -5.251 0.000 0.000 0.010 8.707 1.125
8.744 3.656 -5.251 0.000 0.000 0.010 8.744 1.125
8.780 3.603 -5.251 -0.000 0.000 0.010 8.780 1.125
8.815 3.551 -5.251 0.000 0.000 0.010 8.815 1.125
8.850 3.498 -5.251 -0.000 0.000 0.010 8.850 1.125
8.885 3.446 -5.251 -0.000 0.000 0.010 8.885 1.125
8.919 3.393 -5.251 0.000 0.000 0.010 8.919 1.125
8.952 3.341 -5.251 -0.000 0.000 0.010 8.952 1.125
8.985 3.288 -5.251 0.000 0.000 0.010 8.985 1.125
9.017 3.236 -5.251 -0.000 0.000 0.010 9.017 1.125
9.049 3.183 -5.251 0.000 0.000 0.010 9.049 1.125
9.080 3.131 -5.251 0.000 0.000 0.010 9.080 1.125
9.111 3.078 -5.251 0.000 0.000 0.010 9.111 1.125
9.141 3.026 -5.251 -0.000 0.000 0.010 9.141 1.125
9.171 2.973 -5.251 0.000 0.000 0.010 9.171 1.125
9.200 2.921 -5.251 -0.000 0.000 0.010 9.200 1.125
9.229 2.868 -5.251 0.000 0.000 0.010 9.229 1.125
9.257 2.816 -5.251 0.000 0.000 0.010 9.257 1.125
9.285 2.763 -5.251 0.000 0.000 0.010 9.285 1.125
9.312 2.711 -5.251 0.000 0.000 0.010 9.312 1.125
9.339 2.658 -5.251 -0.000 0.000 0.010 9.339 1.125
9.365 2.606 -5.251 0.000 0.000 0.010 9.365 1.125
9.390 2.553 -5.251 0.000 0.000 0.010 9.390 1.125
9.415 2.501 -5.251 -0.000 0.000 0.010 9.415 1.125
9.440 2.448 -5.251 0.000 0.000 0.010 9.440 1.125
9.464 2.396 -5.251 -0.000 0.000 0.010 9.464 1.125
9.487 2.343 -5.251 0.000 0.000 0.010 9.487 1.125
9.510 2.291 -5.251 0.000 0.000 0.010 9.510 1.125
9.532 2.238 -5.251 -0.000 0.000 0.010 9.532 1.125
9.554 2.186 -5.251 0.000 0.000 0.010 9.554 1.125
9.575 2.133 -5.251 0.000 0.000 0.010 9.575 1.125
9.596 2.081 -5.251 -0.000 0.000 0.010 9.596 1.125
9.617 2.028 -5.251 0.000 0.000 0.010 9.617 1.125
9.636 1.976 -5.251 0.000 0.000 0.010 9.636 1.125
9.656 1.923 -5.251 0.000 0.000 0.010 9.656 1.125
9.674 1.871 -5.251 0.000 0.000 0.010 9.674 1.125
9.692 1.818 -5.251 0.000 0.000 0.010 9.692 1.125
9.710 1.766 -5.251 -0.000 0.000 0.010 9.710 1.125
9.727 1.713 -5.251 0.000 0.000 0.010 9.727 1.125
9.744 1.661 -5.251 -0.000 0.000 0.010 9.744 1.125
9.760 1.608 -5.251 0.000 0.000 0.010 9.760 1.125
9.775 1.556 -5.251 0.000 0.000 0.010 9.775 1.125
9.791 1.503 -5.251 -0.000 0.000 0.010 9.791 1.125
9.805 1.451 -5.251 0.000 0.000 0.010 9.805 1.125
9.819 1.398 -5.251 0.000 0.000 0.010 9.819 1.125
9.832 1.346 -5.251 -0.000 0.000 0.010 9.832 1.125
9.845 1.293 -5.251 0.000 0.000 0.010 9.845 1.125
9.858 1.241 -5.251 0.000 0.000 0.010 9.858 1.125
9.870 1.188 -5.251 0.000 0.000 0.010 9.870 1.125
9.881 1.136 -5.251 -0.000 0.000 0.010 9.881 1.125
9.892 1.083 -5.251 0.000 0.000 0.010 9.892 1.125
9.902 1.031 -5.251 -0.000 0.000 0.010 9.902 1.125
9.912 0.978 -5.251 0.000 0.000 0.010 9.912 1.125
9.921 0.926 -5.251 0.000 0.000 0.010 9.921 1.125
9.930 0.873 -5.251 -0.000 0.000 0.010 9.930 1.125
9.938 0.821 -5.251 0.000 0.000 0.010 9.938 1.125
9.946 0.768 -5.251 0.000 0.000 0.010 9.946 1.125
9.953 0.716 -5.251 -0.000 0.000 0.010 9.953 1.125
9.960 0.663 -5.251 0.000 0.000 0.010 9.960 1.125
9.966 0.611 -5.251 -0.000 0.000 0.010 9.966 1.125
9.971 0.558 -5.251 0.000 0.000 0.010 9.971 1.125
9.976 0.506 -5.251 0.000 0.000 0.010 9.976 1.125
9.981 0.453 -5.251 0.000 0.000 0.010 9.981 1.125
9.985 0.401 -5.251 -0.000 0.000 0.010 9.985 1.125
9.988 0.348 -5.251 0.000 0.000 0.010 9.988 1.125
9.991 0.296 -5.251 0.000 0.000 0.010 9.991 1.125
9.994 0.243 -5.251 -0.000 0.000 0.010 9.994 1.125
9.996 0.193 -4.996 25.430 0.000 0.010 9.996 1.125
9.997 0.149 -4.450 54.601 0.000 0.010 9.997 1.125
9.998 0.110 -3.867 58.341 0.000 0.010 9.998 1.125
9.999 0.077 -3.284 58.341 0.000 0.010 9.999 1.125
10.000 0.050 -2.700 58.341 0.000 0.010 10.000 1.125
10.000 0.029 -2.117 58.341 0.000 0.010 10.000 1.125
10.000 0.014 -1.533 58.341 0.000 0.010 10.000 1.125
10.000 0.004 -0.950 58.341 0.000 0.010 10.000 1.125
10.000 0.000 -0.367 58.341 0.000 0.010 10.000 1.125
10.000 0.000 -0.037 32.910 0.000 0.010 10.000 1.125
0.000 0.006 0.583 58.341 0.000 0.010 0.000 -1.125
0.000 0.012 0.583 -0.000 0.000 0.010 0.000 -1.125
0.000 0.026 1.459 87.511 0.000 0.010 0.000 -1.125
0.001 0.047 2.042 58.341 0.000 0.010 0.001 -1.125
0.002 0.073 2.625 58.341 0.000 0.010 0.002 -1.125
0.003 0.105 3.209 58.341 0.000 0.010 0.003 -1.125
0.004 0.143 3.792 58.341 0.000 0.010 0.004 -1.125
0.006 0.187 4.376 58.341 0.000 0.010 0.006 -1.125
0.008 0.236 4.959 58.341 0.000 0.010 0.008 -1.125
0.011 0.289 5.251 29.170 0.000 0.010 0.011 -1.125
0.015 0.341 5.251 0.000 0.000 0.010 0.015 -1.125
0.019 0.394 5.251 -0.000 0.000 0.010 0.019 -1.125
0.023 0.446 5.251 -0.000 0.000 0.010 0.023 -1.125
0.028 0.499 5.251 0.000 0.000 0.010 0.028 -1.125
0.034 0.551 5.251 0.000 0.000 0.010 0.034 -1.125
0.040 0.604 5.251 0.000 0.000 0.010 0.040 -1.125
0.046 0.656 5.251 0.000 0.000 0.010 0.046 -1.125
0.053 0.709 5.251 -0.000 0.000 0.010 0.053 -1.125
0.061 0.761 5.251 0.000 0.000 0.010 0.061 -1.125
0.069 0.814 5.251 -0.000 0.000 0.010 0.069 -1.125
0.078 0.866 5.251 0.000 0.000 0.010 0.078 -1.125
0.087 0.919 5.251 -0.000 0.000 0.010 0.087 -1.125
0.097 0.971 5.251 0.000 0.000 0.010 0.097 -1.125
0.107 1.024 5.251 -0.000 0.000 0.010 0.107 -1.125
0.118 1.076 5.251 -0.000 0.000 0.010 0.118 -1.125
0.129 1.129 5.251 0.000 0.000 0.010 0.129 -1.125
0.141 1.181 5.251 -0.000 0.000 0.010 0.141 -1.125
0.153 1.234 5.251 0.000 0.000 0.010 0.153 -1.125
0.166 1.286 5.251 -0.000 0.000 0.010 0.166 -1.125
0.179 1.339 5.251 -0.000 0.000 0.010 0.179 -1.125
0.193 1.391 5.251 0.000 0.000 0.010 0.193 -1.125
0.208 1.444 5.251 -0.000 0.000 0.010 0.208 -1.125
0.223 1.496 5.251 0.000 0.000 0.010 0.223 -1.125
0.238 1.549 5.251 0.000 0.000 0.010 0.238 -1.125
0.254 1.601 5.251 -0.000 0.000 0.010 0.254 -1.125
0.271 1.654 5.251 0.000 0.000 0.010 0.271 -1.125
0.288 1.706 5.251 -0.000 0.000 0.010 0.288 -1.125
0.305 1.759 5.251 0.000 0.000 0.010 0.305 -1.125
0.323 1.811 5.251 -0.000 0.000 0.010 0.323 -1.125
0.342 1.864 5.251 0.000 0.000 0.010 0.342 -1.125
0.361 1.916 5.251 0.000 0.000 0.010 0.361 -1.125
0.381 1.969 5.251 0.000 0.000 0.010 0.381 -1.125
0.401 2.022 5.251 0.000 0.000 0.010 0.401 -1.125
0.422 2.074 5.251 -0.000 0.000 0.010 0.422 -1.125
0.443 2.127 5.251 0.000 0.000 0.010 0.443 -1.125
0.465 2.179 5.251 -0.000 0.000 0.010 0.465 -1.125
0.487 2.232 5.251 0.000 0.000 0.010 0.487 -1.125
0.510 2.284 5.251 -0.000 0.000 0.010 0.510 -1.125
0.533 2.337 5.251 -0.000 0.000 0.010 0.533 -1.125
0.557 2.389 5.251 0.000 0.000 0.010 0.557 -1.125
0.582 2.442 5.251 0.000 0.000 0.010 0.582 -1.125
0.607 2.494 5.251 -0.000 0.000 0.010 0.607 -1.125
0.632 2.547 5.251 0.000 0.000 0.010 0.632 -1.125
0.658 2.599 5.251 0.000 0.000 0.010 0.658 -1.125
0.685 2.652 5.251 -0.000 0.000 0.010 0.685 -1.125
0.712 2.704 5.251 -0.000 0.000 0.010 0.712 -1.125
0.739 2.757 5.251 0.000 0.000 0.010 0.739 -1.125
0.767 2.809 5.251 0.000 0.000 0.010 0.767 -1.125
0.796 2.862 5.251 -0.000 0.000 0.010 0.796 -1.125
0.825 2.914 5.251 -0.000 0.000 0.010 0.825 -1.125
0.855 2.967 5.251 0.000 0.000 0.010 0.855 -1.125
0.885 3.019 5.251 -0.000 0.000 0.010 0.885 -1.125
0.916 3.072 5.251 0.000 0.000 0.010 0.916 -1.125
0.947 3.124 5.251 -0.000 0.000 0.010 0.947 -1.125
0.979 3.177 5.251 0.000 0.000 0.010 0.979 -1.125
1.011 3.229 5.251 0.000 0.000 0.010 1.011 -1.125
1.044 3.282 5.251 0.000 0.000 0.010 1.044 -1.125
1.077 3.334 5.251 -0.000 0.000 0.010 1.077 -1.125
1.111 3.387 5.251 0.000 0.000 0.010 1.111 -1.125
1.145 3.439 5.251 -0.000 0.000 0.010 1.145 -1.125
1.180 3.492 5.251 0.000 0.000 0.010 1.180 -1.125
1.216 3.544 5.251 0.000 0.000 0.010 1.216 -1.125
1.252 3.597 5.251 -0.000 0.000 0.010 1.252 -1.125
1.288 3.649 5.251 -0.000 0.000 0.010 1.288 -1.125
1.325 3.702 5.251 0.000 0.000 0.010 1.325 -1.125
1.363 3.754 5.251 -0.000 0.000 0.010 1.363 -1.125
1.401 3.807 5.251 0.000 0.000 0.010 1.401 -1.125
1.439 3.859 5.251 0.000 0.000 0.010 1.439 -1.125
1.479 3.912 5.251 -0.000 0.000 0.010 1.479 -1.125
1.518 3.964 5.251 0.000 0.000 0.010 1.518 -1.125
1.558 4.017 5.251 -0.000 0.000 0.010 1.558 -1.125
1.599 4.069 5.251 0.000 0.000 0.010 1.599 -1.125
1.640 4.122 5.251 0.000 0.000 0.010 1.640 -1.125
1.682 4.174 5.251 0.000 0.000 0.010 1.682 -1.125
1.724 4.227 5.251 0.000 0.000 0.010 1.724 -1.125
1.767 4.279 5.251 -0.000 0.000 0.010 1.767 -1.125
1.810 4.332 5.251 -0.000 0.000 0.010 1.810 -1.125
1.854 4.384 5.251 0.000 0.000 0.010 1.854 -1.125
1.899 4.437 5.251 -0.000 0.000 0.010 1.899 -1.125
1.943 4.489 5.251 0.000 0.000 0.010 1.943 -1.125
1.989 4.542 5.251 0.000 0.000 0.010 1.989 -1.125
2.035 4.594 5.251 -0.000 0.000 0.010 2.035 -1.125
2.081 4.647 5.251 0.000 0.000 0.010 2.081 -1.125
2.128 4.699 5.251 0.000 0.000 0.010 2.128 -1.125
2.176 4.752 5.251 0.000 0.000 0.010 2.176 -1.125
2.224 4.804 5.251 0.000 0.000 0.010 2.224 -1.125
2.272 4.857 5.251 -0.000 0.000 0.010 2.272 -1.125
2.321 4.909 5.251 0.000 0.000 0.010 2.321 -1.125
2.371 4.962 5.251 -0.000 0.000 0.010 2.371 -1.125
2.421 5.014 5.251 0.000 0.000 0.010 2.421 -1.125
2.472 5.067 5.251 -0.000 0.000 0.010 2.472 -1.125
2.523 5.119 5.251 0.000 0.000 0.010 2.523 -1.125
2.575 5.172 5.251 0.000 0.000 0.010 2.575 -1.125
2.627 5.224 5.251 -0.000 0.000 0.010 2.627 -1.125
2.680 5.277 5.251 -0.000 0.000 0.010 2.680 -1.125
2.733 5.329 5.251 0.000 0.000 0.010 2.733 -1.125
2.787 5.382 5.251 0.000 0.000 0.010 2.787 -1.125
2.841 5.434 5.251 -0.000 0.000 0.010 2.841 -1.125
2.896 5.487 5.251 0.000 0.000 0.010 2.896 -1.125
2.952 5.539 5.251 0.000 0.000 0.010 2.952 -1.125
3.007 5.592 5.251 0.000 0.000 0.010 3.007 -1.125
3.064 5.644 5.251 -0.000 0.000 0.010 3.064 -1.125
3.121 5.697 5.251 0.000 0.000 0.010 3.121 -1.125
3.178 5.749 5.251 0.000 0.000 0.010 3.178 -1.125
3.236 5.802 5.251 -0.000 0.000 0.010 3.236 -1.125
3.295 5.854 5.251 0.000 0.000 0.010 3.295 -1.125
3.354 5.907 5.251 -0.000 0.000 0.010 3.354 -1.125
3.414 5.960 5.251 0.000 0.000 0.010 3.414 -1.125
3.474 6.012 5.251 -0.000 0.000 0.010 3.474 -1.125
3.534 6.065 5.251 -0.000 0.000 0.010 3.534 -1.125
3.596 6.117 5.251 0.000 0.000 0.010 3.596 -1.125
3.657 6.170 5.251 -0.000 0.000 0.010 3.657 -1.125
3.719 6.222 5.251 0.000 0.000 0.010 3.719 -1.125
3.782 6.275 5.251 -0.000 0.000 0.010 3.782 -1.125
3.846 6.327 5.251 -0.000 0.000 0.010 3.846 -1.125
3.909 6.380 5.251 0.000 0.000 0.010 3.909 -1.125
3.974 6.432 5.251 -0.000 0.000 0.010 3.974 -1.125
4.038 6.485 5.251 -0.000 0.000 0.010 4.038 -1.125
4.104 6.537 5.251 -0.000 0.000 0.010 4.104 -1.125
4.170 6.590 5.251 0.000 0.000 0.010 4.170 -1.125
4.236 6.642 5.251 -0.000 0.000 0.010 4.236 -1.125
4.303 6.695 5.251 0.000 0.000 0.010 4.303 -1.125
4.371 6.747 5.251 0.000 0.000 0.010 4.371 -1.125
4.439 6.800 5.251 -0.000 0.000 0.010 4.439 -1.125
4.507 6.849 4.959 -29.170 0.000 0.010 4.507 -1.125
4.576 6.893 4.376 -58.341 0.000 0.010 4.576 -1.125
4.645 6.931 3.792 -58.341 0.000 0.010 4.645 -1.125
4.715 6.963 3.209 -58.341 0.000 0.010 4.715 -1.125
4.785 6.989 2.625 -58.341 0.000 0.010 4.785 -1.125
4.855 7.010 2.042 -58.341 0.000 0.010 4.855 -1.125
4.925 7.024 1.459 -58.341 0.000 0.010 4.925 -1.125
4.995 7.033 0.875 -58.341 0.000 0.010 4.995 -1.125
5.066 7.033 0.037 -83.771 0.000 0.010 5.066 -1.125
5.136 7.025 -0.800 -83.771 0.000 0.010 5.136 -1.125
5.206 7.012 -1.384 -58.341 0.000 0.010 5.206 -1.125
5.276 6.992 -1.967 -58.341 0.000 0.010 5.276 -1.125
5.346 6.966 -2.551 -58.341 0.000 0.010 5.346 -1.125
5.415 6.935 -3.134 -58.341 0.000 0.010 5.415 -1.125
5.484 6.898 -3.717 -58.341 0.000 0.010 5.484 -1.125
5.553 6.855 -4.301 -58.341 0.000 0.010 5.553 -1.125
5.621 6.806 -4.884 -58.341 0.000 0.010 5.621 -1.125
5.688 6.754 -5.213 -32.910 0.000 0.010 5.688 -1.125
5.755 6.701 -5.251 -3.740 0.000 0.010 5.755 -1.125
5.822 6.649 -5.251 0.000 0.000 0.010 5.822 -1.125
5.888 6.596 -5.251 0.000 0.000 0.010 5.888 -1.125
5.953 6.544 -5.251 -0.000 0.000 0.010 5.953 -1.125
6.018 6.491 -5.251 0.000 0.000 0.010 6.018 -1.125
6.082 6.439 -5.251 0.000 0.000 0.010 6.082 -1.125
6.146 6.386 -5.251 -0.000 0.000 0.010 6.146 -1.125
6.210 6.334 -5.251 0.000 0.000 0.010 6.210 -1.125
6.272 6.281 -5.251 -0.000 0.000 0.010 6.272 -1.125
6.335 6.229 -5.251 0.000 0.000 0.010 6.335 -1.125
6.397 6.176 -5.251 -0.000 0.000 0.010 6.397 -1.125
6.458 6.124 -5.251 0.000 0.000 0.010 6.458 -1.125
6.518 6.071 -5.251 -0.000 0.000 0.010 6.518 -1.125
6.579 6.019 -5.251 0.000 0.000 0.010 6.579 -1.125
6.638 5.966 -5.251 0.000 0.000 0.010 6.638 -1.125
6.697 5.914 -5.251 -0.000 0.000 0.010 6.697 -1.125
6.756 5.861 -5.251 0.000 0.000 0.010 6.756 -1.125
6.814 5.809 -5.251 -0.000 0.000 0.010 6.814 -1.125
6.872 5.756 -5.251 0.000 0.000 0.010 6.872 -1.125
6.929 5.704 -5.251 -0.000 0.000 0.010 6.929 -1.125
6.985 5.651 -5.251 0.000 0.000 0.010 6.985 -1.125
7.041 5.599 -5.251 0.000 0.000 0.010 7.041 -1.125
7.097 5.546 -5.251 -0.000 0.000 0.010 7.097 -1.125
7.152 5.494 -5.251 0.000 0.000 0.010 7.152 -1.125
7.206 5.441 -5.251 -0.000 0.000 0.010 7.206 -1.125
7.260 5.389 -5.251 0.000 0.000 0.010 7.260 -1.125
7.313 5.336 -5.251 -0.000 0.000 0.010 7.313 -1.125
7.366 5.284 -5.251 0.000 0.000 0.010 7.366 -1.125
7.418 5.231 -5.251 -0.000 0.000 0.010 7.418 -1.125
7.470 5.179 -5.251 0.000 0.000 0.010 7.470 -1.125
7.522 5.126 -5.251 0.000 0.000 0.010 7.522 -1.125
7.572 5.074 -5.251 -0.000 0.000 0.010 7.572 -1.125
7.622 5.021 -5.251 0.000 0.000 0.010 7.622 -1.125
7.672 4.969 -5.251 -0.000 0.000 0.010 7.672 -1.125
7.721 4.916 -5.251 -0.000 0.000 0.010 7.721 -1.125
7.770 4.864 -5.251 0.000 0.000 0.010 7.770 -1.125
7.818 4.811 -5.251 0.000 0.000 0.010 7.818 -1.125
7.866 4.759 -5.251 0.000 0.000 0.010 7.866 -1.125
7.913 4.706 -5.251 0.000 0.000 0.010 7.913 -1.125
7.959 4.654 -5.251 -0.000 0.000 0.010 7.959 -1.125
8.005 4.601 -5.251 0.000 0.000 0.010 8.005 -1.125
8.051 4.549 -5.251 0.000 0.000 0.010 8.051 -1.125
8.096 4.496 -5.251 -0.000 0.000 0.010 8.096 -1.125
8.140 4.444 -5.251 0.000 0.000 0.010 8.140 -1.125
8.184 4.391 -5.251 0.000 0.000 0.010 8.184 -1.125
8.227 4.339 -5.251 0.000 0.000 0.010 8.227 -1.125
8.270 4.286 -5.251 -0.000 0.000 0.010 8.270 -1.125
8.313 4.234 -5.251 -0.000 0.000 0.010 8.313 -1.125
8.354 4.181 -5.251 0.000 0.000 0.010 8.354 -1.125
8.396 4.129 -5.251 -0.000 0.000 0.010 8.396 -1.125
8.436 4.076 -5.251 0.000 0.000 0.010 8.436 -1.125
8.477 4.023 -5.251 -0.000 0.000 0.010 8.477 -1.125
8.516 3.971 -5.251 0.000 0.000 0.010 8.516 -1.125
8.556 3.918 -5.251 0.000 0.000 0.010 8.556 -1.125
8.594 3.866 -5.251 -0.000 0.000 0.010 8.594 -1.125
8.632 3.813 -5.251 0.000 0.000 0.010 8.632 -1.125
8.670 3.761 -5.251 -0.000 0.000 0.010 8.670 -1.125
8.707 3.708 -5.251 0.000 0.000 0.010 8.707 -1.125
8.744 3.656 -5.251 0.000 0.000 0.010 8.744 -1.125
8.780 3.603 -5.251 -0.000 0.000 0.010 8.780 -1.125
8.815 3.551 -5.251 0.000 0.000 0.010 8.815 -1.125
8.850 3.498 -5.251 -0.000 0.000 0.010 8.850 -1.125
8.885 3.446 -5.251 -0.000 0.000 0.010 8.885 -1.125
8.919 3.393 -5.251 0.000 0.000 0.010 8.919 -1.125
8.952 3.341 -5.251 -0.000 0.000 0.010 8.952 -1.125
8.985 3.288 -5.251 0.000 0.000 0.010 8.985 -1.125
9.017 3.236 -5.251 -0.000 0.000 0.010 9.017 -1.125
9.049 3.183 -5.251 0.000 0.000 0.010 9.049 -1.125
9.080 3.131 -5.251 0.000 0.000 0.010 9.080 -1.125
9.111 3.078 -5.251 0.000 0.000 0.010 9.111 -1.125
9.141 3.026 -5.251 -0.000 0.000 0.010 9.141 -1.125
9.171 2.973 -5.251 0.000 0.000 0.010 9.171 -1.125
9.200 2.921 -5.251 -0.000 0.000 0.010 9.200 -1.125
9.229 2.868 -5.251 0.000 0.000 0.010 9.229 -1.125
9.257 2.816 -5.251 0.000 0.000 0.010 9.257 -1.125
9.285 2.763 -5.251 0.000 0.000 0.010 9.285 -1.125
9.312 2.711 -5.251 0.000 0.000 0.010 9.312 -1.125
9.339 2.658 -5.251 -0.000 0.000 0.010 9.339 -1.125
9.365 2.606 -5.251 0.000 0.000 0.010 9.365 -1.125
9.390 2.553 -5.251 0.000 0.000 0.010 9.390 -1.125
9.415 2.501 -5.251 -0.000 0.000 0.010 9.415 -1.125
9.440 2.448 -5.251 0.000 0.000 0.010 9.440 -1.125
9.464 2.396 -5.251 -0.000 0.000 0.010 9.464 -1.125
9.487 2.343 -5.251 0.000 0.000 0.010 9.487 -1.125
9.510 2.291 -5.251 0.000 0.000 0.010 9.510 -1.125
9.532 2.238 -5.251 -0.000 0.000 0.010 9.532 -1.125
9.554 2.186 -5.251 0.000 0.000 0.010 9.554 -1.125
9.575 2.133 -5.251 0.000 0.000 0.010 9.575 -1.125
9.596 2.081 -5.251 -0.000 0.000 0.010 9.596 -1.125
9.617 2.028 -5.251 0.000 0.000 0.010 9.617 -1.125
9.636 1.976 -5.251 0.000 0.000 0.010 9.636 -1.125
9.656 1.923 -5.251 0.000 0.000 0.010 9.656 -1.125
9.674 1.871 -5.251 0.000 0.000 0.010 9.674 -1.125
9.692 1.818 -5.251 0.000 0.000 0.010 9.692 -1.125
9.710 1.766 -5.251 -0.000 0.000 0.010 9.710 -1.125
9.727 1.713 -5.251 0.000 0.000 0.010 9.727 -1.125
9.744 1.661 -5.251 -0.000 0.000 0.010 9.744 -1.125
9.760 1.608 -5.251 0.000 0.000 0.010 9.760 -1.125
9.775 1.556 -5.251 0.000 0.000 0.010 9.775 -1.125
9.791 1.503 -5.251 -0.000 0.000 0.010 9.791 -1.125
9.805 1.451 -5.251 0.000 0.000 0.010 9.805 -1.125
9.819 1.398 -5.251 0.000 0.000 0.010 9.819 -1.125
9.832 1.346 -5.251 -0.000 0.000 0.010 9.832 -1.125
9.845 1.293 -5.251 0.000 0.000 0.010 9.845 -1.125
9.858 1.241 -5.251 0.000 0.000 0.010 9.858 -1.125
9.870 1.188 -5.251 0.000 0.000 0.010 9.870 -1.125
9.881 1.136 -5.251 -0.000 0.000 0.010 9.881 -1.125
9.892 1.083 -5.251 0.000 0.000 0.010 9.892 -1.125
9.902 1.031 -5.251 -0.000 0.000 0.010 9.902 -1.125
9.912 0.978 -5.251 0.000 0.000 0.010 9.912 -1.125
9.921 0.926 -5.251 0.000 0.000 0.010 9.921 -1.125
9.930 0.873 -5.251 -0.000 0.000 0.010 9.930 -1.125
9.938 0.821 -5.251 0.000 0.000 0.010 9.938 -1.125
9.946 0.768 -5.251 0.000 0.000 0.010 9.946 -1.125
9.953 0.716 -5.251 -0.000 0.000 0.010 9.953 -1.125
9.960 0.663 -5.251 0.000 0.000 0.010 9.960 -1.125
9.966 0.611 -5.251 -0.000 0.000 0.010 9.966 -1.125
9.971 0.558 -5.251 0.000 0.000 0.010 9.971 -1.125
9.976 0.506 -5.251 0.000 0.000 0.010 9.976 -1.125
9.981 0.453 -5.251 0.000 0.000 0.010 9.981 -1.125
9.985 0.401 -5.251 -0.000 0.000 0.010 9.985 -1.125
9.988 0.348 -5.251 0.000 0.000 0.010 9.988 -1.125
9.991 0.296 -5.251 0.000 0.000 0.010 9.991 -1.125
9.994 0.243 -5.251 -0.000 0.000 0.010 9.994 -1.125
9.996 0.193 -4.996 25.430 0.000 0.010 9.996 -1.125
9.997 0.149 -4.450 54.601 0.000 0.010 9.997 -1.125
9.998 0.110 -3.867 58.341 0.000 0.010 9.998 -1.125
9.999 0.077 -3.284 58.341 0.000 0.010 9.999 -1.125
10.000 0.050 -2.700 58.341 0.000 0.010 10.000 -1.125
10.000 0.029 -2.117 58.341 0.000 0.010 10.000 -1.125
10.000 0.014 -1.533 58.341 0.000 0.010 10.000 -1.125
10.000 0.004 -0.950 58.341 0.000 0.010 10.000 -1.125
10.000 0.000 -0.367 58.341 0.000 0.010 10.000 -1.125
10.000 0.000 -0.037 32.910 0.000 0.010 10.000 -1.125
